0001 2 1e-05 Defector
0002 2 1e-05 Loner
0003 2 1e-05 Neither
0004 2 1e-05 Both
0005 8 1e-05 Defector
0006 8 1e-05 Loner
0007 8 1e-05 Neither
0008 8 1e-05 Both
0009 2 2.1544346900318823e-05 Defector
0010 2 2.1544346900318823e-05 Loner
0011 2 2.1544346900318823e-05 Neither
0012 2 2.1544346900318823e-05 Both
0013 8 2.1544346900318823e-05 Defector
0014 8 2.1544346900318823e-05 Loner
0015 8 2.1544346900318823e-05 Neither
0016 8 2.1544346900318823e-05 Both
0017 2 4.641588833612782e-05 Defector
0018 2 4.641588833612782e-05 Loner
0019 2 4.641588833612782e-05 Neither
0020 2 4.641588833612782e-05 Both
0021 8 4.641588833612782e-05 Defector
0022 8 4.641588833612782e-05 Loner
0023 8 4.641588833612782e-05 Neither
0024 8 4.641588833612782e-05 Both
0025 2 0.0001 Defector
0026 2 0.0001 Loner
0027 2 0.0001 Neither
0028 2 0.0001 Both
0029 8 0.0001 Defector
0030 8 0.0001 Loner
0031 8 0.0001 Neither
0032 8 0.0001 Both
0033 2 0.00021544346900318823 Defector
0034 2 0.00021544346900318823 Loner
0035 2 0.00021544346900318823 Neither
0036 2 0.00021544346900318823 Both
0037 8 0.00021544346900318823 Defector
0038 8 0.00021544346900318823 Loner
0039 8 0.00021544346900318823 Neither
0040 8 0.00021544346900318823 Both
0041 2 0.00046415888336127773 Defector
0042 2 0.00046415888336127773 Loner
0043 2 0.00046415888336127773 Neither
0044 2 0.00046415888336127773 Both
0045 8 0.00046415888336127773 Defector
0046 8 0.00046415888336127773 Loner
0047 8 0.00046415888336127773 Neither
0048 8 0.00046415888336127773 Both
0049 2 0.001 Defector
0050 2 0.001 Loner
0051 2 0.001 Neither
0052 2 0.001 Both
0053 8 0.001 Defector
0054 8 0.001 Loner
0055 8 0.001 Neither
0056 8 0.001 Both
0057 2 0.002154434690031882 Defector
0058 2 0.002154434690031882 Loner
0059 2 0.002154434690031882 Neither
0060 2 0.002154434690031882 Both
0061 8 0.002154434690031882 Defector
0062 8 0.002154434690031882 Loner
0063 8 0.002154434690031882 Neither
0064 8 0.002154434690031882 Both
0065 2 0.004641588833612777 Defector
0066 2 0.004641588833612777 Loner
0067 2 0.004641588833612777 Neither
0068 2 0.004641588833612777 Both
0069 8 0.004641588833612777 Defector
0070 8 0.004641588833612777 Loner
0071 8 0.004641588833612777 Neither
0072 8 0.004641588833612777 Both
0073 2 0.01 Defector
0074 2 0.01 Loner
0075 2 0.01 Neither
0076 2 0.01 Both
0077 8 0.01 Defector
0078 8 0.01 Loner
0079 8 0.01 Neither
0080 8 0.01 Both
0081 2 0.021544346900318822 Defector
0082 2 0.021544346900318822 Loner
0083 2 0.021544346900318822 Neither
0084 2 0.021544346900318822 Both
0085 8 0.021544346900318822 Defector
0086 8 0.021544346900318822 Loner
0087 8 0.021544346900318822 Neither
0088 8 0.021544346900318822 Both
0089 2 0.046415888336127774 Defector
0090 2 0.046415888336127774 Loner
0091 2 0.046415888336127774 Neither
0092 2 0.046415888336127774 Both
0093 8 0.046415888336127774 Defector
0094 8 0.046415888336127774 Loner
0095 8 0.046415888336127774 Neither
0096 8 0.046415888336127774 Both
0097 2 0.1 Defector
0098 2 0.1 Loner
0099 2 0.1 Neither
0100 2 0.1 Both
0101 8 0.1 Defector
0102 8 0.1 Loner
0103 8 0.1 Neither
0104 8 0.1 Both
0105 2 0.21544346900318823 Defector
0106 2 0.21544346900318823 Loner
0107 2 0.21544346900318823 Neither
0108 2 0.21544346900318823 Both
0109 8 0.21544346900318823 Defector
0110 8 0.21544346900318823 Loner
0111 8 0.21544346900318823 Neither
0112 8 0.21544346900318823 Both
0113 2 0.46415888336127725 Defector
0114 2 0.46415888336127725 Loner
0115 2 0.46415888336127725 Neither
0116 2 0.46415888336127725 Both
0117 8 0.46415888336127725 Defector
0118 8 0.46415888336127725 Loner
0119 8 0.46415888336127725 Neither
0120 8 0.46415888336127725 Both
0121 2 1.0 Defector
0122 2 1.0 Loner
0123 2 1.0 Neither
0124 2 1.0 Both
0125 8 1.0 Defector
0126 8 1.0 Loner
0127 8 1.0 Neither
0128 8 1.0 Both
0129 2 1e-05 Defector
0130 2 1e-05 Loner
0131 2 1e-05 Neither
0132 2 1e-05 Both
0133 8 1e-05 Defector
0134 8 1e-05 Loner
0135 8 1e-05 Neither
0136 8 1e-05 Both
0137 2 2.1544346900318823e-05 Defector
0138 2 2.1544346900318823e-05 Loner
0139 2 2.1544346900318823e-05 Neither
0140 2 2.1544346900318823e-05 Both
0141 8 2.1544346900318823e-05 Defector
0142 8 2.1544346900318823e-05 Loner
0143 8 2.1544346900318823e-05 Neither
0144 8 2.1544346900318823e-05 Both
0145 2 4.641588833612782e-05 Defector
0146 2 4.641588833612782e-05 Loner
0147 2 4.641588833612782e-05 Neither
0148 2 4.641588833612782e-05 Both
0149 8 4.641588833612782e-05 Defector
0150 8 4.641588833612782e-05 Loner
0151 8 4.641588833612782e-05 Neither
0152 8 4.641588833612782e-05 Both
0153 2 0.0001 Defector
0154 2 0.0001 Loner
0155 2 0.0001 Neither
0156 2 0.0001 Both
0157 8 0.0001 Defector
0158 8 0.0001 Loner
0159 8 0.0001 Neither
0160 8 0.0001 Both
0161 2 0.00021544346900318823 Defector
0162 2 0.00021544346900318823 Loner
0163 2 0.00021544346900318823 Neither
0164 2 0.00021544346900318823 Both
0165 8 0.00021544346900318823 Defector
0166 8 0.00021544346900318823 Loner
0167 8 0.00021544346900318823 Neither
0168 8 0.00021544346900318823 Both
0169 2 0.00046415888336127773 Defector
0170 2 0.00046415888336127773 Loner
0171 2 0.00046415888336127773 Neither
0172 2 0.00046415888336127773 Both
0173 8 0.00046415888336127773 Defector
0174 8 0.00046415888336127773 Loner
0175 8 0.00046415888336127773 Neither
0176 8 0.00046415888336127773 Both
0177 2 0.001 Defector
0178 2 0.001 Loner
0179 2 0.001 Neither
0180 2 0.001 Both
0181 8 0.001 Defector
0182 8 0.001 Loner
0183 8 0.001 Neither
0184 8 0.001 Both
0185 2 0.002154434690031882 Defector
0186 2 0.002154434690031882 Loner
0187 2 0.002154434690031882 Neither
0188 2 0.002154434690031882 Both
0189 8 0.002154434690031882 Defector
0190 8 0.002154434690031882 Loner
0191 8 0.002154434690031882 Neither
0192 8 0.002154434690031882 Both
0193 2 0.004641588833612777 Defector
0194 2 0.004641588833612777 Loner
0195 2 0.004641588833612777 Neither
0196 2 0.004641588833612777 Both
0197 8 0.004641588833612777 Defector
0198 8 0.004641588833612777 Loner
0199 8 0.004641588833612777 Neither
0200 8 0.004641588833612777 Both
0201 2 0.01 Defector
0202 2 0.01 Loner
0203 2 0.01 Neither
0204 2 0.01 Both
0205 8 0.01 Defector
0206 8 0.01 Loner
0207 8 0.01 Neither
0208 8 0.01 Both
0209 2 0.021544346900318822 Defector
0210 2 0.021544346900318822 Loner
0211 2 0.021544346900318822 Neither
0212 2 0.021544346900318822 Both
0213 8 0.021544346900318822 Defector
0214 8 0.021544346900318822 Loner
0215 8 0.021544346900318822 Neither
0216 8 0.021544346900318822 Both
0217 2 0.046415888336127774 Defector
0218 2 0.046415888336127774 Loner
0219 2 0.046415888336127774 Neither
0220 2 0.046415888336127774 Both
0221 8 0.046415888336127774 Defector
0222 8 0.046415888336127774 Loner
0223 8 0.046415888336127774 Neither
0224 8 0.046415888336127774 Both
0225 2 0.1 Defector
0226 2 0.1 Loner
0227 2 0.1 Neither
0228 2 0.1 Both
0229 8 0.1 Defector
0230 8 0.1 Loner
0231 8 0.1 Neither
0232 8 0.1 Both
0233 2 0.21544346900318823 Defector
0234 2 0.21544346900318823 Loner
0235 2 0.21544346900318823 Neither
0236 2 0.21544346900318823 Both
0237 8 0.21544346900318823 Defector
0238 8 0.21544346900318823 Loner
0239 8 0.21544346900318823 Neither
0240 8 0.21544346900318823 Both
0241 2 0.46415888336127725 Defector
0242 2 0.46415888336127725 Loner
0243 2 0.46415888336127725 Neither
0244 2 0.46415888336127725 Both
0245 8 0.46415888336127725 Defector
0246 8 0.46415888336127725 Loner
0247 8 0.46415888336127725 Neither
0248 8 0.46415888336127725 Both
0249 2 1.0 Defector
0250 2 1.0 Loner
0251 2 1.0 Neither
0252 2 1.0 Both
0253 8 1.0 Defector
0254 8 1.0 Loner
0255 8 1.0 Neither
0256 8 1.0 Both
0257 2 1e-05 Defector
0258 2 1e-05 Loner
0259 2 1e-05 Neither
0260 2 1e-05 Both
0261 8 1e-05 Defector
0262 8 1e-05 Loner
0263 8 1e-05 Neither
0264 8 1e-05 Both
0265 2 2.1544346900318823e-05 Defector
0266 2 2.1544346900318823e-05 Loner
0267 2 2.1544346900318823e-05 Neither
0268 2 2.1544346900318823e-05 Both
0269 8 2.1544346900318823e-05 Defector
0270 8 2.1544346900318823e-05 Loner
0271 8 2.1544346900318823e-05 Neither
0272 8 2.1544346900318823e-05 Both
0273 2 4.641588833612782e-05 Defector
0274 2 4.641588833612782e-05 Loner
0275 2 4.641588833612782e-05 Neither
0276 2 4.641588833612782e-05 Both
0277 8 4.641588833612782e-05 Defector
0278 8 4.641588833612782e-05 Loner
0279 8 4.641588833612782e-05 Neither
0280 8 4.641588833612782e-05 Both
0281 2 0.0001 Defector
0282 2 0.0001 Loner
0283 2 0.0001 Neither
0284 2 0.0001 Both
0285 8 0.0001 Defector
0286 8 0.0001 Loner
0287 8 0.0001 Neither
0288 8 0.0001 Both
0289 2 0.00021544346900318823 Defector
0290 2 0.00021544346900318823 Loner
0291 2 0.00021544346900318823 Neither
0292 2 0.00021544346900318823 Both
0293 8 0.00021544346900318823 Defector
0294 8 0.00021544346900318823 Loner
0295 8 0.00021544346900318823 Neither
0296 8 0.00021544346900318823 Both
0297 2 0.00046415888336127773 Defector
0298 2 0.00046415888336127773 Loner
0299 2 0.00046415888336127773 Neither
0300 2 0.00046415888336127773 Both
0301 8 0.00046415888336127773 Defector
0302 8 0.00046415888336127773 Loner
0303 8 0.00046415888336127773 Neither
0304 8 0.00046415888336127773 Both
0305 2 0.001 Defector
0306 2 0.001 Loner
0307 2 0.001 Neither
0308 2 0.001 Both
0309 8 0.001 Defector
0310 8 0.001 Loner
0311 8 0.001 Neither
0312 8 0.001 Both
0313 2 0.002154434690031882 Defector
0314 2 0.002154434690031882 Loner
0315 2 0.002154434690031882 Neither
0316 2 0.002154434690031882 Both
0317 8 0.002154434690031882 Defector
0318 8 0.002154434690031882 Loner
0319 8 0.002154434690031882 Neither
0320 8 0.002154434690031882 Both
0321 2 0.004641588833612777 Defector
0322 2 0.004641588833612777 Loner
0323 2 0.004641588833612777 Neither
0324 2 0.004641588833612777 Both
0325 8 0.004641588833612777 Defector
0326 8 0.004641588833612777 Loner
0327 8 0.004641588833612777 Neither
0328 8 0.004641588833612777 Both
0329 2 0.01 Defector
0330 2 0.01 Loner
0331 2 0.01 Neither
0332 2 0.01 Both
0333 8 0.01 Defector
0334 8 0.01 Loner
0335 8 0.01 Neither
0336 8 0.01 Both
0337 2 0.021544346900318822 Defector
0338 2 0.021544346900318822 Loner
0339 2 0.021544346900318822 Neither
0340 2 0.021544346900318822 Both
0341 8 0.021544346900318822 Defector
0342 8 0.021544346900318822 Loner
0343 8 0.021544346900318822 Neither
0344 8 0.021544346900318822 Both
0345 2 0.046415888336127774 Defector
0346 2 0.046415888336127774 Loner
0347 2 0.046415888336127774 Neither
0348 2 0.046415888336127774 Both
0349 8 0.046415888336127774 Defector
0350 8 0.046415888336127774 Loner
0351 8 0.046415888336127774 Neither
0352 8 0.046415888336127774 Both
0353 2 0.1 Defector
0354 2 0.1 Loner
0355 2 0.1 Neither
0356 2 0.1 Both
0357 8 0.1 Defector
0358 8 0.1 Loner
0359 8 0.1 Neither
0360 8 0.1 Both
0361 2 0.21544346900318823 Defector
0362 2 0.21544346900318823 Loner
0363 2 0.21544346900318823 Neither
0364 2 0.21544346900318823 Both
0365 8 0.21544346900318823 Defector
0366 8 0.21544346900318823 Loner
0367 8 0.21544346900318823 Neither
0368 8 0.21544346900318823 Both
0369 2 0.46415888336127725 Defector
0370 2 0.46415888336127725 Loner
0371 2 0.46415888336127725 Neither
0372 2 0.46415888336127725 Both
0373 8 0.46415888336127725 Defector
0374 8 0.46415888336127725 Loner
0375 8 0.46415888336127725 Neither
0376 8 0.46415888336127725 Both
0377 2 1.0 Defector
0378 2 1.0 Loner
0379 2 1.0 Neither
0380 2 1.0 Both
0381 8 1.0 Defector
0382 8 1.0 Loner
0383 8 1.0 Neither
0384 8 1.0 Both
0385 2 1e-05 Defector
0386 2 1e-05 Loner
0387 2 1e-05 Neither
0388 2 1e-05 Both
0389 8 1e-05 Defector
0390 8 1e-05 Loner
0391 8 1e-05 Neither
0392 8 1e-05 Both
0393 2 2.1544346900318823e-05 Defector
0394 2 2.1544346900318823e-05 Loner
0395 2 2.1544346900318823e-05 Neither
0396 2 2.1544346900318823e-05 Both
0397 8 2.1544346900318823e-05 Defector
0398 8 2.1544346900318823e-05 Loner
0399 8 2.1544346900318823e-05 Neither
0400 8 2.1544346900318823e-05 Both
0401 2 4.641588833612782e-05 Defector
0402 2 4.641588833612782e-05 Loner
0403 2 4.641588833612782e-05 Neither
0404 2 4.641588833612782e-05 Both
0405 8 4.641588833612782e-05 Defector
0406 8 4.641588833612782e-05 Loner
0407 8 4.641588833612782e-05 Neither
0408 8 4.641588833612782e-05 Both
0409 2 0.0001 Defector
0410 2 0.0001 Loner
0411 2 0.0001 Neither
0412 2 0.0001 Both
0413 8 0.0001 Defector
0414 8 0.0001 Loner
0415 8 0.0001 Neither
0416 8 0.0001 Both
0417 2 0.00021544346900318823 Defector
0418 2 0.00021544346900318823 Loner
0419 2 0.00021544346900318823 Neither
0420 2 0.00021544346900318823 Both
0421 8 0.00021544346900318823 Defector
0422 8 0.00021544346900318823 Loner
0423 8 0.00021544346900318823 Neither
0424 8 0.00021544346900318823 Both
0425 2 0.00046415888336127773 Defector
0426 2 0.00046415888336127773 Loner
0427 2 0.00046415888336127773 Neither
0428 2 0.00046415888336127773 Both
0429 8 0.00046415888336127773 Defector
0430 8 0.00046415888336127773 Loner
0431 8 0.00046415888336127773 Neither
0432 8 0.00046415888336127773 Both
0433 2 0.001 Defector
0434 2 0.001 Loner
0435 2 0.001 Neither
0436 2 0.001 Both
0437 8 0.001 Defector
0438 8 0.001 Loner
0439 8 0.001 Neither
0440 8 0.001 Both
0441 2 0.002154434690031882 Defector
0442 2 0.002154434690031882 Loner
0443 2 0.002154434690031882 Neither
0444 2 0.002154434690031882 Both
0445 8 0.002154434690031882 Defector
0446 8 0.002154434690031882 Loner
0447 8 0.002154434690031882 Neither
0448 8 0.002154434690031882 Both
0449 2 0.004641588833612777 Defector
0450 2 0.004641588833612777 Loner
0451 2 0.004641588833612777 Neither
0452 2 0.004641588833612777 Both
0453 8 0.004641588833612777 Defector
0454 8 0.004641588833612777 Loner
0455 8 0.004641588833612777 Neither
0456 8 0.004641588833612777 Both
0457 2 0.01 Defector
0458 2 0.01 Loner
0459 2 0.01 Neither
0460 2 0.01 Both
0461 8 0.01 Defector
0462 8 0.01 Loner
0463 8 0.01 Neither
0464 8 0.01 Both
0465 2 0.021544346900318822 Defector
0466 2 0.021544346900318822 Loner
0467 2 0.021544346900318822 Neither
0468 2 0.021544346900318822 Both
0469 8 0.021544346900318822 Defector
0470 8 0.021544346900318822 Loner
0471 8 0.021544346900318822 Neither
0472 8 0.021544346900318822 Both
0473 2 0.046415888336127774 Defector
0474 2 0.046415888336127774 Loner
0475 2 0.046415888336127774 Neither
0476 2 0.046415888336127774 Both
0477 8 0.046415888336127774 Defector
0478 8 0.046415888336127774 Loner
0479 8 0.046415888336127774 Neither
0480 8 0.046415888336127774 Both
0481 2 0.1 Defector
0482 2 0.1 Loner
0483 2 0.1 Neither
0484 2 0.1 Both
0485 8 0.1 Defector
0486 8 0.1 Loner
0487 8 0.1 Neither
0488 8 0.1 Both
0489 2 0.21544346900318823 Defector
0490 2 0.21544346900318823 Loner
0491 2 0.21544346900318823 Neither
0492 2 0.21544346900318823 Both
0493 8 0.21544346900318823 Defector
0494 8 0.21544346900318823 Loner
0495 8 0.21544346900318823 Neither
0496 8 0.21544346900318823 Both
0497 2 0.46415888336127725 Defector
0498 2 0.46415888336127725 Loner
0499 2 0.46415888336127725 Neither
0500 2 0.46415888336127725 Both
0501 8 0.46415888336127725 Defector
0502 8 0.46415888336127725 Loner
0503 8 0.46415888336127725 Neither
0504 8 0.46415888336127725 Both
0505 2 1.0 Defector
0506 2 1.0 Loner
0507 2 1.0 Neither
0508 2 1.0 Both
0509 8 1.0 Defector
0510 8 1.0 Loner
0511 8 1.0 Neither
0512 8 1.0 Both
0513 2 1e-05 Defector
0514 2 1e-05 Loner
0515 2 1e-05 Neither
0516 2 1e-05 Both
0517 8 1e-05 Defector
0518 8 1e-05 Loner
0519 8 1e-05 Neither
0520 8 1e-05 Both
0521 2 2.1544346900318823e-05 Defector
0522 2 2.1544346900318823e-05 Loner
0523 2 2.1544346900318823e-05 Neither
0524 2 2.1544346900318823e-05 Both
0525 8 2.1544346900318823e-05 Defector
0526 8 2.1544346900318823e-05 Loner
0527 8 2.1544346900318823e-05 Neither
0528 8 2.1544346900318823e-05 Both
0529 2 4.641588833612782e-05 Defector
0530 2 4.641588833612782e-05 Loner
0531 2 4.641588833612782e-05 Neither
0532 2 4.641588833612782e-05 Both
0533 8 4.641588833612782e-05 Defector
0534 8 4.641588833612782e-05 Loner
0535 8 4.641588833612782e-05 Neither
0536 8 4.641588833612782e-05 Both
0537 2 0.0001 Defector
0538 2 0.0001 Loner
0539 2 0.0001 Neither
0540 2 0.0001 Both
0541 8 0.0001 Defector
0542 8 0.0001 Loner
0543 8 0.0001 Neither
0544 8 0.0001 Both
0545 2 0.00021544346900318823 Defector
0546 2 0.00021544346900318823 Loner
0547 2 0.00021544346900318823 Neither
0548 2 0.00021544346900318823 Both
0549 8 0.00021544346900318823 Defector
0550 8 0.00021544346900318823 Loner
0551 8 0.00021544346900318823 Neither
0552 8 0.00021544346900318823 Both
0553 2 0.00046415888336127773 Defector
0554 2 0.00046415888336127773 Loner
0555 2 0.00046415888336127773 Neither
0556 2 0.00046415888336127773 Both
0557 8 0.00046415888336127773 Defector
0558 8 0.00046415888336127773 Loner
0559 8 0.00046415888336127773 Neither
0560 8 0.00046415888336127773 Both
0561 2 0.001 Defector
0562 2 0.001 Loner
0563 2 0.001 Neither
0564 2 0.001 Both
0565 8 0.001 Defector
0566 8 0.001 Loner
0567 8 0.001 Neither
0568 8 0.001 Both
0569 2 0.002154434690031882 Defector
0570 2 0.002154434690031882 Loner
0571 2 0.002154434690031882 Neither
0572 2 0.002154434690031882 Both
0573 8 0.002154434690031882 Defector
0574 8 0.002154434690031882 Loner
0575 8 0.002154434690031882 Neither
0576 8 0.002154434690031882 Both
0577 2 0.004641588833612777 Defector
0578 2 0.004641588833612777 Loner
0579 2 0.004641588833612777 Neither
0580 2 0.004641588833612777 Both
0581 8 0.004641588833612777 Defector
0582 8 0.004641588833612777 Loner
0583 8 0.004641588833612777 Neither
0584 8 0.004641588833612777 Both
0585 2 0.01 Defector
0586 2 0.01 Loner
0587 2 0.01 Neither
0588 2 0.01 Both
0589 8 0.01 Defector
0590 8 0.01 Loner
0591 8 0.01 Neither
0592 8 0.01 Both
0593 2 0.021544346900318822 Defector
0594 2 0.021544346900318822 Loner
0595 2 0.021544346900318822 Neither
0596 2 0.021544346900318822 Both
0597 8 0.021544346900318822 Defector
0598 8 0.021544346900318822 Loner
0599 8 0.021544346900318822 Neither
0600 8 0.021544346900318822 Both
0601 2 0.046415888336127774 Defector
0602 2 0.046415888336127774 Loner
0603 2 0.046415888336127774 Neither
0604 2 0.046415888336127774 Both
0605 8 0.046415888336127774 Defector
0606 8 0.046415888336127774 Loner
0607 8 0.046415888336127774 Neither
0608 8 0.046415888336127774 Both
0609 2 0.1 Defector
0610 2 0.1 Loner
0611 2 0.1 Neither
0612 2 0.1 Both
0613 8 0.1 Defector
0614 8 0.1 Loner
0615 8 0.1 Neither
0616 8 0.1 Both
0617 2 0.21544346900318823 Defector
0618 2 0.21544346900318823 Loner
0619 2 0.21544346900318823 Neither
0620 2 0.21544346900318823 Both
0621 8 0.21544346900318823 Defector
0622 8 0.21544346900318823 Loner
0623 8 0.21544346900318823 Neither
0624 8 0.21544346900318823 Both
0625 2 0.46415888336127725 Defector
0626 2 0.46415888336127725 Loner
0627 2 0.46415888336127725 Neither
0628 2 0.46415888336127725 Both
0629 8 0.46415888336127725 Defector
0630 8 0.46415888336127725 Loner
0631 8 0.46415888336127725 Neither
0632 8 0.46415888336127725 Both
0633 2 1.0 Defector
0634 2 1.0 Loner
0635 2 1.0 Neither
0636 2 1.0 Both
0637 8 1.0 Defector
0638 8 1.0 Loner
0639 8 1.0 Neither
0640 8 1.0 Both
0641 2 1e-05 Defector
0642 2 1e-05 Loner
0643 2 1e-05 Neither
0644 2 1e-05 Both
0645 8 1e-05 Defector
0646 8 1e-05 Loner
0647 8 1e-05 Neither
0648 8 1e-05 Both
0649 2 2.1544346900318823e-05 Defector
0650 2 2.1544346900318823e-05 Loner
0651 2 2.1544346900318823e-05 Neither
0652 2 2.1544346900318823e-05 Both
0653 8 2.1544346900318823e-05 Defector
0654 8 2.1544346900318823e-05 Loner
0655 8 2.1544346900318823e-05 Neither
0656 8 2.1544346900318823e-05 Both
0657 2 4.641588833612782e-05 Defector
0658 2 4.641588833612782e-05 Loner
0659 2 4.641588833612782e-05 Neither
0660 2 4.641588833612782e-05 Both
0661 8 4.641588833612782e-05 Defector
0662 8 4.641588833612782e-05 Loner
0663 8 4.641588833612782e-05 Neither
0664 8 4.641588833612782e-05 Both
0665 2 0.0001 Defector
0666 2 0.0001 Loner
0667 2 0.0001 Neither
0668 2 0.0001 Both
0669 8 0.0001 Defector
0670 8 0.0001 Loner
0671 8 0.0001 Neither
0672 8 0.0001 Both
0673 2 0.00021544346900318823 Defector
0674 2 0.00021544346900318823 Loner
0675 2 0.00021544346900318823 Neither
0676 2 0.00021544346900318823 Both
0677 8 0.00021544346900318823 Defector
0678 8 0.00021544346900318823 Loner
0679 8 0.00021544346900318823 Neither
0680 8 0.00021544346900318823 Both
0681 2 0.00046415888336127773 Defector
0682 2 0.00046415888336127773 Loner
0683 2 0.00046415888336127773 Neither
0684 2 0.00046415888336127773 Both
0685 8 0.00046415888336127773 Defector
0686 8 0.00046415888336127773 Loner
0687 8 0.00046415888336127773 Neither
0688 8 0.00046415888336127773 Both
0689 2 0.001 Defector
0690 2 0.001 Loner
0691 2 0.001 Neither
0692 2 0.001 Both
0693 8 0.001 Defector
0694 8 0.001 Loner
0695 8 0.001 Neither
0696 8 0.001 Both
0697 2 0.002154434690031882 Defector
0698 2 0.002154434690031882 Loner
0699 2 0.002154434690031882 Neither
0700 2 0.002154434690031882 Both
0701 8 0.002154434690031882 Defector
0702 8 0.002154434690031882 Loner
0703 8 0.002154434690031882 Neither
0704 8 0.002154434690031882 Both
0705 2 0.004641588833612777 Defector
0706 2 0.004641588833612777 Loner
0707 2 0.004641588833612777 Neither
0708 2 0.004641588833612777 Both
0709 8 0.004641588833612777 Defector
0710 8 0.004641588833612777 Loner
0711 8 0.004641588833612777 Neither
0712 8 0.004641588833612777 Both
0713 2 0.01 Defector
0714 2 0.01 Loner
0715 2 0.01 Neither
0716 2 0.01 Both
0717 8 0.01 Defector
0718 8 0.01 Loner
0719 8 0.01 Neither
0720 8 0.01 Both
0721 2 0.021544346900318822 Defector
0722 2 0.021544346900318822 Loner
0723 2 0.021544346900318822 Neither
0724 2 0.021544346900318822 Both
0725 8 0.021544346900318822 Defector
0726 8 0.021544346900318822 Loner
0727 8 0.021544346900318822 Neither
0728 8 0.021544346900318822 Both
0729 2 0.046415888336127774 Defector
0730 2 0.046415888336127774 Loner
0731 2 0.046415888336127774 Neither
0732 2 0.046415888336127774 Both
0733 8 0.046415888336127774 Defector
0734 8 0.046415888336127774 Loner
0735 8 0.046415888336127774 Neither
0736 8 0.046415888336127774 Both
0737 2 0.1 Defector
0738 2 0.1 Loner
0739 2 0.1 Neither
0740 2 0.1 Both
0741 8 0.1 Defector
0742 8 0.1 Loner
0743 8 0.1 Neither
0744 8 0.1 Both
0745 2 0.21544346900318823 Defector
0746 2 0.21544346900318823 Loner
0747 2 0.21544346900318823 Neither
0748 2 0.21544346900318823 Both
0749 8 0.21544346900318823 Defector
0750 8 0.21544346900318823 Loner
0751 8 0.21544346900318823 Neither
0752 8 0.21544346900318823 Both
0753 2 0.46415888336127725 Defector
0754 2 0.46415888336127725 Loner
0755 2 0.46415888336127725 Neither
0756 2 0.46415888336127725 Both
0757 8 0.46415888336127725 Defector
0758 8 0.46415888336127725 Loner
0759 8 0.46415888336127725 Neither
0760 8 0.46415888336127725 Both
0761 2 1.0 Defector
0762 2 1.0 Loner
0763 2 1.0 Neither
0764 2 1.0 Both
0765 8 1.0 Defector
0766 8 1.0 Loner
0767 8 1.0 Neither
0768 8 1.0 Both
0769 2 1e-05 Defector
0770 2 1e-05 Loner
0771 2 1e-05 Neither
0772 2 1e-05 Both
0773 8 1e-05 Defector
0774 8 1e-05 Loner
0775 8 1e-05 Neither
0776 8 1e-05 Both
0777 2 2.1544346900318823e-05 Defector
0778 2 2.1544346900318823e-05 Loner
0779 2 2.1544346900318823e-05 Neither
0780 2 2.1544346900318823e-05 Both
0781 8 2.1544346900318823e-05 Defector
0782 8 2.1544346900318823e-05 Loner
0783 8 2.1544346900318823e-05 Neither
0784 8 2.1544346900318823e-05 Both
0785 2 4.641588833612782e-05 Defector
0786 2 4.641588833612782e-05 Loner
0787 2 4.641588833612782e-05 Neither
0788 2 4.641588833612782e-05 Both
0789 8 4.641588833612782e-05 Defector
0790 8 4.641588833612782e-05 Loner
0791 8 4.641588833612782e-05 Neither
0792 8 4.641588833612782e-05 Both
0793 2 0.0001 Defector
0794 2 0.0001 Loner
0795 2 0.0001 Neither
0796 2 0.0001 Both
0797 8 0.0001 Defector
0798 8 0.0001 Loner
0799 8 0.0001 Neither
0800 8 0.0001 Both
0801 2 0.00021544346900318823 Defector
0802 2 0.00021544346900318823 Loner
0803 2 0.00021544346900318823 Neither
0804 2 0.00021544346900318823 Both
0805 8 0.00021544346900318823 Defector
0806 8 0.00021544346900318823 Loner
0807 8 0.00021544346900318823 Neither
0808 8 0.00021544346900318823 Both
0809 2 0.00046415888336127773 Defector
0810 2 0.00046415888336127773 Loner
0811 2 0.00046415888336127773 Neither
0812 2 0.00046415888336127773 Both
0813 8 0.00046415888336127773 Defector
0814 8 0.00046415888336127773 Loner
0815 8 0.00046415888336127773 Neither
0816 8 0.00046415888336127773 Both
0817 2 0.001 Defector
0818 2 0.001 Loner
0819 2 0.001 Neither
0820 2 0.001 Both
0821 8 0.001 Defector
0822 8 0.001 Loner
0823 8 0.001 Neither
0824 8 0.001 Both
0825 2 0.002154434690031882 Defector
0826 2 0.002154434690031882 Loner
0827 2 0.002154434690031882 Neither
0828 2 0.002154434690031882 Both
0829 8 0.002154434690031882 Defector
0830 8 0.002154434690031882 Loner
0831 8 0.002154434690031882 Neither
0832 8 0.002154434690031882 Both
0833 2 0.004641588833612777 Defector
0834 2 0.004641588833612777 Loner
0835 2 0.004641588833612777 Neither
0836 2 0.004641588833612777 Both
0837 8 0.004641588833612777 Defector
0838 8 0.004641588833612777 Loner
0839 8 0.004641588833612777 Neither
0840 8 0.004641588833612777 Both
0841 2 0.01 Defector
0842 2 0.01 Loner
0843 2 0.01 Neither
0844 2 0.01 Both
0845 8 0.01 Defector
0846 8 0.01 Loner
0847 8 0.01 Neither
0848 8 0.01 Both
0849 2 0.021544346900318822 Defector
0850 2 0.021544346900318822 Loner
0851 2 0.021544346900318822 Neither
0852 2 0.021544346900318822 Both
0853 8 0.021544346900318822 Defector
0854 8 0.021544346900318822 Loner
0855 8 0.021544346900318822 Neither
0856 8 0.021544346900318822 Both
0857 2 0.046415888336127774 Defector
0858 2 0.046415888336127774 Loner
0859 2 0.046415888336127774 Neither
0860 2 0.046415888336127774 Both
0861 8 0.046415888336127774 Defector
0862 8 0.046415888336127774 Loner
0863 8 0.046415888336127774 Neither
0864 8 0.046415888336127774 Both
0865 2 0.1 Defector
0866 2 0.1 Loner
0867 2 0.1 Neither
0868 2 0.1 Both
0869 8 0.1 Defector
0870 8 0.1 Loner
0871 8 0.1 Neither
0872 8 0.1 Both
0873 2 0.21544346900318823 Defector
0874 2 0.21544346900318823 Loner
0875 2 0.21544346900318823 Neither
0876 2 0.21544346900318823 Both
0877 8 0.21544346900318823 Defector
0878 8 0.21544346900318823 Loner
0879 8 0.21544346900318823 Neither
0880 8 0.21544346900318823 Both
0881 2 0.46415888336127725 Defector
0882 2 0.46415888336127725 Loner
0883 2 0.46415888336127725 Neither
0884 2 0.46415888336127725 Both
0885 8 0.46415888336127725 Defector
0886 8 0.46415888336127725 Loner
0887 8 0.46415888336127725 Neither
0888 8 0.46415888336127725 Both
0889 2 1.0 Defector
0890 2 1.0 Loner
0891 2 1.0 Neither
0892 2 1.0 Both
0893 8 1.0 Defector
0894 8 1.0 Loner
0895 8 1.0 Neither
0896 8 1.0 Both
0897 2 1e-05 Defector
0898 2 1e-05 Loner
0899 2 1e-05 Neither
0900 2 1e-05 Both
0901 8 1e-05 Defector
0902 8 1e-05 Loner
0903 8 1e-05 Neither
0904 8 1e-05 Both
0905 2 2.1544346900318823e-05 Defector
0906 2 2.1544346900318823e-05 Loner
0907 2 2.1544346900318823e-05 Neither
0908 2 2.1544346900318823e-05 Both
0909 8 2.1544346900318823e-05 Defector
0910 8 2.1544346900318823e-05 Loner
0911 8 2.1544346900318823e-05 Neither
0912 8 2.1544346900318823e-05 Both
0913 2 4.641588833612782e-05 Defector
0914 2 4.641588833612782e-05 Loner
0915 2 4.641588833612782e-05 Neither
0916 2 4.641588833612782e-05 Both
0917 8 4.641588833612782e-05 Defector
0918 8 4.641588833612782e-05 Loner
0919 8 4.641588833612782e-05 Neither
0920 8 4.641588833612782e-05 Both
0921 2 0.0001 Defector
0922 2 0.0001 Loner
0923 2 0.0001 Neither
0924 2 0.0001 Both
0925 8 0.0001 Defector
0926 8 0.0001 Loner
0927 8 0.0001 Neither
0928 8 0.0001 Both
0929 2 0.00021544346900318823 Defector
0930 2 0.00021544346900318823 Loner
0931 2 0.00021544346900318823 Neither
0932 2 0.00021544346900318823 Both
0933 8 0.00021544346900318823 Defector
0934 8 0.00021544346900318823 Loner
0935 8 0.00021544346900318823 Neither
0936 8 0.00021544346900318823 Both
0937 2 0.00046415888336127773 Defector
0938 2 0.00046415888336127773 Loner
0939 2 0.00046415888336127773 Neither
0940 2 0.00046415888336127773 Both
0941 8 0.00046415888336127773 Defector
0942 8 0.00046415888336127773 Loner
0943 8 0.00046415888336127773 Neither
0944 8 0.00046415888336127773 Both
0945 2 0.001 Defector
0946 2 0.001 Loner
0947 2 0.001 Neither
0948 2 0.001 Both
0949 8 0.001 Defector
0950 8 0.001 Loner
0951 8 0.001 Neither
0952 8 0.001 Both
0953 2 0.002154434690031882 Defector
0954 2 0.002154434690031882 Loner
0955 2 0.002154434690031882 Neither
0956 2 0.002154434690031882 Both
0957 8 0.002154434690031882 Defector
0958 8 0.002154434690031882 Loner
0959 8 0.002154434690031882 Neither
0960 8 0.002154434690031882 Both
0961 2 0.004641588833612777 Defector
0962 2 0.004641588833612777 Loner
0963 2 0.004641588833612777 Neither
0964 2 0.004641588833612777 Both
0965 8 0.004641588833612777 Defector
0966 8 0.004641588833612777 Loner
0967 8 0.004641588833612777 Neither
0968 8 0.004641588833612777 Both
0969 2 0.01 Defector
0970 2 0.01 Loner
0971 2 0.01 Neither
0972 2 0.01 Both
0973 8 0.01 Defector
0974 8 0.01 Loner
0975 8 0.01 Neither
0976 8 0.01 Both
0977 2 0.021544346900318822 Defector
0978 2 0.021544346900318822 Loner
0979 2 0.021544346900318822 Neither
0980 2 0.021544346900318822 Both
0981 8 0.021544346900318822 Defector
0982 8 0.021544346900318822 Loner
0983 8 0.021544346900318822 Neither
0984 8 0.021544346900318822 Both
0985 2 0.046415888336127774 Defector
0986 2 0.046415888336127774 Loner
0987 2 0.046415888336127774 Neither
0988 2 0.046415888336127774 Both
0989 8 0.046415888336127774 Defector
0990 8 0.046415888336127774 Loner
0991 8 0.046415888336127774 Neither
0992 8 0.046415888336127774 Both
0993 2 0.1 Defector
0994 2 0.1 Loner
0995 2 0.1 Neither
0996 2 0.1 Both
0997 8 0.1 Defector
0998 8 0.1 Loner
0999 8 0.1 Neither
1000 8 0.1 Both
1001 2 0.21544346900318823 Defector
1002 2 0.21544346900318823 Loner
1003 2 0.21544346900318823 Neither
1004 2 0.21544346900318823 Both
1005 8 0.21544346900318823 Defector
1006 8 0.21544346900318823 Loner
1007 8 0.21544346900318823 Neither
1008 8 0.21544346900318823 Both
1009 2 0.46415888336127725 Defector
1010 2 0.46415888336127725 Loner
1011 2 0.46415888336127725 Neither
1012 2 0.46415888336127725 Both
1013 8 0.46415888336127725 Defector
1014 8 0.46415888336127725 Loner
1015 8 0.46415888336127725 Neither
1016 8 0.46415888336127725 Both
1017 2 1.0 Defector
1018 2 1.0 Loner
1019 2 1.0 Neither
1020 2 1.0 Both
1021 8 1.0 Defector
1022 8 1.0 Loner
1023 8 1.0 Neither
1024 8 1.0 Both
1025 2 1e-05 Defector
1026 2 1e-05 Loner
1027 2 1e-05 Neither
1028 2 1e-05 Both
1029 8 1e-05 Defector
1030 8 1e-05 Loner
1031 8 1e-05 Neither
1032 8 1e-05 Both
1033 2 2.1544346900318823e-05 Defector
1034 2 2.1544346900318823e-05 Loner
1035 2 2.1544346900318823e-05 Neither
1036 2 2.1544346900318823e-05 Both
1037 8 2.1544346900318823e-05 Defector
1038 8 2.1544346900318823e-05 Loner
1039 8 2.1544346900318823e-05 Neither
1040 8 2.1544346900318823e-05 Both
1041 2 4.641588833612782e-05 Defector
1042 2 4.641588833612782e-05 Loner
1043 2 4.641588833612782e-05 Neither
1044 2 4.641588833612782e-05 Both
1045 8 4.641588833612782e-05 Defector
1046 8 4.641588833612782e-05 Loner
1047 8 4.641588833612782e-05 Neither
1048 8 4.641588833612782e-05 Both
1049 2 0.0001 Defector
1050 2 0.0001 Loner
1051 2 0.0001 Neither
1052 2 0.0001 Both
1053 8 0.0001 Defector
1054 8 0.0001 Loner
1055 8 0.0001 Neither
1056 8 0.0001 Both
1057 2 0.00021544346900318823 Defector
1058 2 0.00021544346900318823 Loner
1059 2 0.00021544346900318823 Neither
1060 2 0.00021544346900318823 Both
1061 8 0.00021544346900318823 Defector
1062 8 0.00021544346900318823 Loner
1063 8 0.00021544346900318823 Neither
1064 8 0.00021544346900318823 Both
1065 2 0.00046415888336127773 Defector
1066 2 0.00046415888336127773 Loner
1067 2 0.00046415888336127773 Neither
1068 2 0.00046415888336127773 Both
1069 8 0.00046415888336127773 Defector
1070 8 0.00046415888336127773 Loner
1071 8 0.00046415888336127773 Neither
1072 8 0.00046415888336127773 Both
1073 2 0.001 Defector
1074 2 0.001 Loner
1075 2 0.001 Neither
1076 2 0.001 Both
1077 8 0.001 Defector
1078 8 0.001 Loner
1079 8 0.001 Neither
1080 8 0.001 Both
1081 2 0.002154434690031882 Defector
1082 2 0.002154434690031882 Loner
1083 2 0.002154434690031882 Neither
1084 2 0.002154434690031882 Both
1085 8 0.002154434690031882 Defector
1086 8 0.002154434690031882 Loner
1087 8 0.002154434690031882 Neither
1088 8 0.002154434690031882 Both
1089 2 0.004641588833612777 Defector
1090 2 0.004641588833612777 Loner
1091 2 0.004641588833612777 Neither
1092 2 0.004641588833612777 Both
1093 8 0.004641588833612777 Defector
1094 8 0.004641588833612777 Loner
1095 8 0.004641588833612777 Neither
1096 8 0.004641588833612777 Both
1097 2 0.01 Defector
1098 2 0.01 Loner
1099 2 0.01 Neither
1100 2 0.01 Both
1101 8 0.01 Defector
1102 8 0.01 Loner
1103 8 0.01 Neither
1104 8 0.01 Both
1105 2 0.021544346900318822 Defector
1106 2 0.021544346900318822 Loner
1107 2 0.021544346900318822 Neither
1108 2 0.021544346900318822 Both
1109 8 0.021544346900318822 Defector
1110 8 0.021544346900318822 Loner
1111 8 0.021544346900318822 Neither
1112 8 0.021544346900318822 Both
1113 2 0.046415888336127774 Defector
1114 2 0.046415888336127774 Loner
1115 2 0.046415888336127774 Neither
1116 2 0.046415888336127774 Both
1117 8 0.046415888336127774 Defector
1118 8 0.046415888336127774 Loner
1119 8 0.046415888336127774 Neither
1120 8 0.046415888336127774 Both
1121 2 0.1 Defector
1122 2 0.1 Loner
1123 2 0.1 Neither
1124 2 0.1 Both
1125 8 0.1 Defector
1126 8 0.1 Loner
1127 8 0.1 Neither
1128 8 0.1 Both
1129 2 0.21544346900318823 Defector
1130 2 0.21544346900318823 Loner
1131 2 0.21544346900318823 Neither
1132 2 0.21544346900318823 Both
1133 8 0.21544346900318823 Defector
1134 8 0.21544346900318823 Loner
1135 8 0.21544346900318823 Neither
1136 8 0.21544346900318823 Both
1137 2 0.46415888336127725 Defector
1138 2 0.46415888336127725 Loner
1139 2 0.46415888336127725 Neither
1140 2 0.46415888336127725 Both
1141 8 0.46415888336127725 Defector
1142 8 0.46415888336127725 Loner
1143 8 0.46415888336127725 Neither
1144 8 0.46415888336127725 Both
1145 2 1.0 Defector
1146 2 1.0 Loner
1147 2 1.0 Neither
1148 2 1.0 Both
1149 8 1.0 Defector
1150 8 1.0 Loner
1151 8 1.0 Neither
1152 8 1.0 Both
1153 2 1e-05 Defector
1154 2 1e-05 Loner
1155 2 1e-05 Neither
1156 2 1e-05 Both
1157 8 1e-05 Defector
1158 8 1e-05 Loner
1159 8 1e-05 Neither
1160 8 1e-05 Both
1161 2 2.1544346900318823e-05 Defector
1162 2 2.1544346900318823e-05 Loner
1163 2 2.1544346900318823e-05 Neither
1164 2 2.1544346900318823e-05 Both
1165 8 2.1544346900318823e-05 Defector
1166 8 2.1544346900318823e-05 Loner
1167 8 2.1544346900318823e-05 Neither
1168 8 2.1544346900318823e-05 Both
1169 2 4.641588833612782e-05 Defector
1170 2 4.641588833612782e-05 Loner
1171 2 4.641588833612782e-05 Neither
1172 2 4.641588833612782e-05 Both
1173 8 4.641588833612782e-05 Defector
1174 8 4.641588833612782e-05 Loner
1175 8 4.641588833612782e-05 Neither
1176 8 4.641588833612782e-05 Both
1177 2 0.0001 Defector
1178 2 0.0001 Loner
1179 2 0.0001 Neither
1180 2 0.0001 Both
1181 8 0.0001 Defector
1182 8 0.0001 Loner
1183 8 0.0001 Neither
1184 8 0.0001 Both
1185 2 0.00021544346900318823 Defector
1186 2 0.00021544346900318823 Loner
1187 2 0.00021544346900318823 Neither
1188 2 0.00021544346900318823 Both
1189 8 0.00021544346900318823 Defector
1190 8 0.00021544346900318823 Loner
1191 8 0.00021544346900318823 Neither
1192 8 0.00021544346900318823 Both
1193 2 0.00046415888336127773 Defector
1194 2 0.00046415888336127773 Loner
1195 2 0.00046415888336127773 Neither
1196 2 0.00046415888336127773 Both
1197 8 0.00046415888336127773 Defector
1198 8 0.00046415888336127773 Loner
1199 8 0.00046415888336127773 Neither
1200 8 0.00046415888336127773 Both
1201 2 0.001 Defector
1202 2 0.001 Loner
1203 2 0.001 Neither
1204 2 0.001 Both
1205 8 0.001 Defector
1206 8 0.001 Loner
1207 8 0.001 Neither
1208 8 0.001 Both
1209 2 0.002154434690031882 Defector
1210 2 0.002154434690031882 Loner
1211 2 0.002154434690031882 Neither
1212 2 0.002154434690031882 Both
1213 8 0.002154434690031882 Defector
1214 8 0.002154434690031882 Loner
1215 8 0.002154434690031882 Neither
1216 8 0.002154434690031882 Both
1217 2 0.004641588833612777 Defector
1218 2 0.004641588833612777 Loner
1219 2 0.004641588833612777 Neither
1220 2 0.004641588833612777 Both
1221 8 0.004641588833612777 Defector
1222 8 0.004641588833612777 Loner
1223 8 0.004641588833612777 Neither
1224 8 0.004641588833612777 Both
1225 2 0.01 Defector
1226 2 0.01 Loner
1227 2 0.01 Neither
1228 2 0.01 Both
1229 8 0.01 Defector
1230 8 0.01 Loner
1231 8 0.01 Neither
1232 8 0.01 Both
1233 2 0.021544346900318822 Defector
1234 2 0.021544346900318822 Loner
1235 2 0.021544346900318822 Neither
1236 2 0.021544346900318822 Both
1237 8 0.021544346900318822 Defector
1238 8 0.021544346900318822 Loner
1239 8 0.021544346900318822 Neither
1240 8 0.021544346900318822 Both
1241 2 0.046415888336127774 Defector
1242 2 0.046415888336127774 Loner
1243 2 0.046415888336127774 Neither
1244 2 0.046415888336127774 Both
1245 8 0.046415888336127774 Defector
1246 8 0.046415888336127774 Loner
1247 8 0.046415888336127774 Neither
1248 8 0.046415888336127774 Both
1249 2 0.1 Defector
1250 2 0.1 Loner
1251 2 0.1 Neither
1252 2 0.1 Both
1253 8 0.1 Defector
1254 8 0.1 Loner
1255 8 0.1 Neither
1256 8 0.1 Both
1257 2 0.21544346900318823 Defector
1258 2 0.21544346900318823 Loner
1259 2 0.21544346900318823 Neither
1260 2 0.21544346900318823 Both
1261 8 0.21544346900318823 Defector
1262 8 0.21544346900318823 Loner
1263 8 0.21544346900318823 Neither
1264 8 0.21544346900318823 Both
1265 2 0.46415888336127725 Defector
1266 2 0.46415888336127725 Loner
1267 2 0.46415888336127725 Neither
1268 2 0.46415888336127725 Both
1269 8 0.46415888336127725 Defector
1270 8 0.46415888336127725 Loner
1271 8 0.46415888336127725 Neither
1272 8 0.46415888336127725 Both
1273 2 1.0 Defector
1274 2 1.0 Loner
1275 2 1.0 Neither
1276 2 1.0 Both
1277 8 1.0 Defector
1278 8 1.0 Loner
1279 8 1.0 Neither
1280 8 1.0 Both
1281 2 1e-05 Defector
1282 2 1e-05 Loner
1283 2 1e-05 Neither
1284 2 1e-05 Both
1285 8 1e-05 Defector
1286 8 1e-05 Loner
1287 8 1e-05 Neither
1288 8 1e-05 Both
1289 2 2.1544346900318823e-05 Defector
1290 2 2.1544346900318823e-05 Loner
1291 2 2.1544346900318823e-05 Neither
1292 2 2.1544346900318823e-05 Both
1293 8 2.1544346900318823e-05 Defector
1294 8 2.1544346900318823e-05 Loner
1295 8 2.1544346900318823e-05 Neither
1296 8 2.1544346900318823e-05 Both
1297 2 4.641588833612782e-05 Defector
1298 2 4.641588833612782e-05 Loner
1299 2 4.641588833612782e-05 Neither
1300 2 4.641588833612782e-05 Both
1301 8 4.641588833612782e-05 Defector
1302 8 4.641588833612782e-05 Loner
1303 8 4.641588833612782e-05 Neither
1304 8 4.641588833612782e-05 Both
1305 2 0.0001 Defector
1306 2 0.0001 Loner
1307 2 0.0001 Neither
1308 2 0.0001 Both
1309 8 0.0001 Defector
1310 8 0.0001 Loner
1311 8 0.0001 Neither
1312 8 0.0001 Both
1313 2 0.00021544346900318823 Defector
1314 2 0.00021544346900318823 Loner
1315 2 0.00021544346900318823 Neither
1316 2 0.00021544346900318823 Both
1317 8 0.00021544346900318823 Defector
1318 8 0.00021544346900318823 Loner
1319 8 0.00021544346900318823 Neither
1320 8 0.00021544346900318823 Both
1321 2 0.00046415888336127773 Defector
1322 2 0.00046415888336127773 Loner
1323 2 0.00046415888336127773 Neither
1324 2 0.00046415888336127773 Both
1325 8 0.00046415888336127773 Defector
1326 8 0.00046415888336127773 Loner
1327 8 0.00046415888336127773 Neither
1328 8 0.00046415888336127773 Both
1329 2 0.001 Defector
1330 2 0.001 Loner
1331 2 0.001 Neither
1332 2 0.001 Both
1333 8 0.001 Defector
1334 8 0.001 Loner
1335 8 0.001 Neither
1336 8 0.001 Both
1337 2 0.002154434690031882 Defector
1338 2 0.002154434690031882 Loner
1339 2 0.002154434690031882 Neither
1340 2 0.002154434690031882 Both
1341 8 0.002154434690031882 Defector
1342 8 0.002154434690031882 Loner
1343 8 0.002154434690031882 Neither
1344 8 0.002154434690031882 Both
1345 2 0.004641588833612777 Defector
1346 2 0.004641588833612777 Loner
1347 2 0.004641588833612777 Neither
1348 2 0.004641588833612777 Both
1349 8 0.004641588833612777 Defector
1350 8 0.004641588833612777 Loner
1351 8 0.004641588833612777 Neither
1352 8 0.004641588833612777 Both
1353 2 0.01 Defector
1354 2 0.01 Loner
1355 2 0.01 Neither
1356 2 0.01 Both
1357 8 0.01 Defector
1358 8 0.01 Loner
1359 8 0.01 Neither
1360 8 0.01 Both
1361 2 0.021544346900318822 Defector
1362 2 0.021544346900318822 Loner
1363 2 0.021544346900318822 Neither
1364 2 0.021544346900318822 Both
1365 8 0.021544346900318822 Defector
1366 8 0.021544346900318822 Loner
1367 8 0.021544346900318822 Neither
1368 8 0.021544346900318822 Both
1369 2 0.046415888336127774 Defector
1370 2 0.046415888336127774 Loner
1371 2 0.046415888336127774 Neither
1372 2 0.046415888336127774 Both
1373 8 0.046415888336127774 Defector
1374 8 0.046415888336127774 Loner
1375 8 0.046415888336127774 Neither
1376 8 0.046415888336127774 Both
1377 2 0.1 Defector
1378 2 0.1 Loner
1379 2 0.1 Neither
1380 2 0.1 Both
1381 8 0.1 Defector
1382 8 0.1 Loner
1383 8 0.1 Neither
1384 8 0.1 Both
1385 2 0.21544346900318823 Defector
1386 2 0.21544346900318823 Loner
1387 2 0.21544346900318823 Neither
1388 2 0.21544346900318823 Both
1389 8 0.21544346900318823 Defector
1390 8 0.21544346900318823 Loner
1391 8 0.21544346900318823 Neither
1392 8 0.21544346900318823 Both
1393 2 0.46415888336127725 Defector
1394 2 0.46415888336127725 Loner
1395 2 0.46415888336127725 Neither
1396 2 0.46415888336127725 Both
1397 8 0.46415888336127725 Defector
1398 8 0.46415888336127725 Loner
1399 8 0.46415888336127725 Neither
1400 8 0.46415888336127725 Both
1401 2 1.0 Defector
1402 2 1.0 Loner
1403 2 1.0 Neither
1404 2 1.0 Both
1405 8 1.0 Defector
1406 8 1.0 Loner
1407 8 1.0 Neither
1408 8 1.0 Both
1409 2 1e-05 Defector
1410 2 1e-05 Loner
1411 2 1e-05 Neither
1412 2 1e-05 Both
1413 8 1e-05 Defector
1414 8 1e-05 Loner
1415 8 1e-05 Neither
1416 8 1e-05 Both
1417 2 2.1544346900318823e-05 Defector
1418 2 2.1544346900318823e-05 Loner
1419 2 2.1544346900318823e-05 Neither
1420 2 2.1544346900318823e-05 Both
1421 8 2.1544346900318823e-05 Defector
1422 8 2.1544346900318823e-05 Loner
1423 8 2.1544346900318823e-05 Neither
1424 8 2.1544346900318823e-05 Both
1425 2 4.641588833612782e-05 Defector
1426 2 4.641588833612782e-05 Loner
1427 2 4.641588833612782e-05 Neither
1428 2 4.641588833612782e-05 Both
1429 8 4.641588833612782e-05 Defector
1430 8 4.641588833612782e-05 Loner
1431 8 4.641588833612782e-05 Neither
1432 8 4.641588833612782e-05 Both
1433 2 0.0001 Defector
1434 2 0.0001 Loner
1435 2 0.0001 Neither
1436 2 0.0001 Both
1437 8 0.0001 Defector
1438 8 0.0001 Loner
1439 8 0.0001 Neither
1440 8 0.0001 Both
1441 2 0.00021544346900318823 Defector
1442 2 0.00021544346900318823 Loner
1443 2 0.00021544346900318823 Neither
1444 2 0.00021544346900318823 Both
1445 8 0.00021544346900318823 Defector
1446 8 0.00021544346900318823 Loner
1447 8 0.00021544346900318823 Neither
1448 8 0.00021544346900318823 Both
1449 2 0.00046415888336127773 Defector
1450 2 0.00046415888336127773 Loner
1451 2 0.00046415888336127773 Neither
1452 2 0.00046415888336127773 Both
1453 8 0.00046415888336127773 Defector
1454 8 0.00046415888336127773 Loner
1455 8 0.00046415888336127773 Neither
1456 8 0.00046415888336127773 Both
1457 2 0.001 Defector
1458 2 0.001 Loner
1459 2 0.001 Neither
1460 2 0.001 Both
1461 8 0.001 Defector
1462 8 0.001 Loner
1463 8 0.001 Neither
1464 8 0.001 Both
1465 2 0.002154434690031882 Defector
1466 2 0.002154434690031882 Loner
1467 2 0.002154434690031882 Neither
1468 2 0.002154434690031882 Both
1469 8 0.002154434690031882 Defector
1470 8 0.002154434690031882 Loner
1471 8 0.002154434690031882 Neither
1472 8 0.002154434690031882 Both
1473 2 0.004641588833612777 Defector
1474 2 0.004641588833612777 Loner
1475 2 0.004641588833612777 Neither
1476 2 0.004641588833612777 Both
1477 8 0.004641588833612777 Defector
1478 8 0.004641588833612777 Loner
1479 8 0.004641588833612777 Neither
1480 8 0.004641588833612777 Both
1481 2 0.01 Defector
1482 2 0.01 Loner
1483 2 0.01 Neither
1484 2 0.01 Both
1485 8 0.01 Defector
1486 8 0.01 Loner
1487 8 0.01 Neither
1488 8 0.01 Both
1489 2 0.021544346900318822 Defector
1490 2 0.021544346900318822 Loner
1491 2 0.021544346900318822 Neither
1492 2 0.021544346900318822 Both
1493 8 0.021544346900318822 Defector
1494 8 0.021544346900318822 Loner
1495 8 0.021544346900318822 Neither
1496 8 0.021544346900318822 Both
1497 2 0.046415888336127774 Defector
1498 2 0.046415888336127774 Loner
1499 2 0.046415888336127774 Neither
1500 2 0.046415888336127774 Both
1501 8 0.046415888336127774 Defector
1502 8 0.046415888336127774 Loner
1503 8 0.046415888336127774 Neither
1504 8 0.046415888336127774 Both
1505 2 0.1 Defector
1506 2 0.1 Loner
1507 2 0.1 Neither
1508 2 0.1 Both
1509 8 0.1 Defector
1510 8 0.1 Loner
1511 8 0.1 Neither
1512 8 0.1 Both
1513 2 0.21544346900318823 Defector
1514 2 0.21544346900318823 Loner
1515 2 0.21544346900318823 Neither
1516 2 0.21544346900318823 Both
1517 8 0.21544346900318823 Defector
1518 8 0.21544346900318823 Loner
1519 8 0.21544346900318823 Neither
1520 8 0.21544346900318823 Both
1521 2 0.46415888336127725 Defector
1522 2 0.46415888336127725 Loner
1523 2 0.46415888336127725 Neither
1524 2 0.46415888336127725 Both
1525 8 0.46415888336127725 Defector
1526 8 0.46415888336127725 Loner
1527 8 0.46415888336127725 Neither
1528 8 0.46415888336127725 Both
1529 2 1.0 Defector
1530 2 1.0 Loner
1531 2 1.0 Neither
1532 2 1.0 Both
1533 8 1.0 Defector
1534 8 1.0 Loner
1535 8 1.0 Neither
1536 8 1.0 Both
1537 2 1e-05 Defector
1538 2 1e-05 Loner
1539 2 1e-05 Neither
1540 2 1e-05 Both
1541 8 1e-05 Defector
1542 8 1e-05 Loner
1543 8 1e-05 Neither
1544 8 1e-05 Both
1545 2 2.1544346900318823e-05 Defector
1546 2 2.1544346900318823e-05 Loner
1547 2 2.1544346900318823e-05 Neither
1548 2 2.1544346900318823e-05 Both
1549 8 2.1544346900318823e-05 Defector
1550 8 2.1544346900318823e-05 Loner
1551 8 2.1544346900318823e-05 Neither
1552 8 2.1544346900318823e-05 Both
1553 2 4.641588833612782e-05 Defector
1554 2 4.641588833612782e-05 Loner
1555 2 4.641588833612782e-05 Neither
1556 2 4.641588833612782e-05 Both
1557 8 4.641588833612782e-05 Defector
1558 8 4.641588833612782e-05 Loner
1559 8 4.641588833612782e-05 Neither
1560 8 4.641588833612782e-05 Both
1561 2 0.0001 Defector
1562 2 0.0001 Loner
1563 2 0.0001 Neither
1564 2 0.0001 Both
1565 8 0.0001 Defector
1566 8 0.0001 Loner
1567 8 0.0001 Neither
1568 8 0.0001 Both
1569 2 0.00021544346900318823 Defector
1570 2 0.00021544346900318823 Loner
1571 2 0.00021544346900318823 Neither
1572 2 0.00021544346900318823 Both
1573 8 0.00021544346900318823 Defector
1574 8 0.00021544346900318823 Loner
1575 8 0.00021544346900318823 Neither
1576 8 0.00021544346900318823 Both
1577 2 0.00046415888336127773 Defector
1578 2 0.00046415888336127773 Loner
1579 2 0.00046415888336127773 Neither
1580 2 0.00046415888336127773 Both
1581 8 0.00046415888336127773 Defector
1582 8 0.00046415888336127773 Loner
1583 8 0.00046415888336127773 Neither
1584 8 0.00046415888336127773 Both
1585 2 0.001 Defector
1586 2 0.001 Loner
1587 2 0.001 Neither
1588 2 0.001 Both
1589 8 0.001 Defector
1590 8 0.001 Loner
1591 8 0.001 Neither
1592 8 0.001 Both
1593 2 0.002154434690031882 Defector
1594 2 0.002154434690031882 Loner
1595 2 0.002154434690031882 Neither
1596 2 0.002154434690031882 Both
1597 8 0.002154434690031882 Defector
1598 8 0.002154434690031882 Loner
1599 8 0.002154434690031882 Neither
1600 8 0.002154434690031882 Both
1601 2 0.004641588833612777 Defector
1602 2 0.004641588833612777 Loner
1603 2 0.004641588833612777 Neither
1604 2 0.004641588833612777 Both
1605 8 0.004641588833612777 Defector
1606 8 0.004641588833612777 Loner
1607 8 0.004641588833612777 Neither
1608 8 0.004641588833612777 Both
1609 2 0.01 Defector
1610 2 0.01 Loner
1611 2 0.01 Neither
1612 2 0.01 Both
1613 8 0.01 Defector
1614 8 0.01 Loner
1615 8 0.01 Neither
1616 8 0.01 Both
1617 2 0.021544346900318822 Defector
1618 2 0.021544346900318822 Loner
1619 2 0.021544346900318822 Neither
1620 2 0.021544346900318822 Both
1621 8 0.021544346900318822 Defector
1622 8 0.021544346900318822 Loner
1623 8 0.021544346900318822 Neither
1624 8 0.021544346900318822 Both
1625 2 0.046415888336127774 Defector
1626 2 0.046415888336127774 Loner
1627 2 0.046415888336127774 Neither
1628 2 0.046415888336127774 Both
1629 8 0.046415888336127774 Defector
1630 8 0.046415888336127774 Loner
1631 8 0.046415888336127774 Neither
1632 8 0.046415888336127774 Both
1633 2 0.1 Defector
1634 2 0.1 Loner
1635 2 0.1 Neither
1636 2 0.1 Both
1637 8 0.1 Defector
1638 8 0.1 Loner
1639 8 0.1 Neither
1640 8 0.1 Both
1641 2 0.21544346900318823 Defector
1642 2 0.21544346900318823 Loner
1643 2 0.21544346900318823 Neither
1644 2 0.21544346900318823 Both
1645 8 0.21544346900318823 Defector
1646 8 0.21544346900318823 Loner
1647 8 0.21544346900318823 Neither
1648 8 0.21544346900318823 Both
1649 2 0.46415888336127725 Defector
1650 2 0.46415888336127725 Loner
1651 2 0.46415888336127725 Neither
1652 2 0.46415888336127725 Both
1653 8 0.46415888336127725 Defector
1654 8 0.46415888336127725 Loner
1655 8 0.46415888336127725 Neither
1656 8 0.46415888336127725 Both
1657 2 1.0 Defector
1658 2 1.0 Loner
1659 2 1.0 Neither
1660 2 1.0 Both
1661 8 1.0 Defector
1662 8 1.0 Loner
1663 8 1.0 Neither
1664 8 1.0 Both
1665 2 1e-05 Defector
1666 2 1e-05 Loner
1667 2 1e-05 Neither
1668 2 1e-05 Both
1669 8 1e-05 Defector
1670 8 1e-05 Loner
1671 8 1e-05 Neither
1672 8 1e-05 Both
1673 2 2.1544346900318823e-05 Defector
1674 2 2.1544346900318823e-05 Loner
1675 2 2.1544346900318823e-05 Neither
1676 2 2.1544346900318823e-05 Both
1677 8 2.1544346900318823e-05 Defector
1678 8 2.1544346900318823e-05 Loner
1679 8 2.1544346900318823e-05 Neither
1680 8 2.1544346900318823e-05 Both
1681 2 4.641588833612782e-05 Defector
1682 2 4.641588833612782e-05 Loner
1683 2 4.641588833612782e-05 Neither
1684 2 4.641588833612782e-05 Both
1685 8 4.641588833612782e-05 Defector
1686 8 4.641588833612782e-05 Loner
1687 8 4.641588833612782e-05 Neither
1688 8 4.641588833612782e-05 Both
1689 2 0.0001 Defector
1690 2 0.0001 Loner
1691 2 0.0001 Neither
1692 2 0.0001 Both
1693 8 0.0001 Defector
1694 8 0.0001 Loner
1695 8 0.0001 Neither
1696 8 0.0001 Both
1697 2 0.00021544346900318823 Defector
1698 2 0.00021544346900318823 Loner
1699 2 0.00021544346900318823 Neither
1700 2 0.00021544346900318823 Both
1701 8 0.00021544346900318823 Defector
1702 8 0.00021544346900318823 Loner
1703 8 0.00021544346900318823 Neither
1704 8 0.00021544346900318823 Both
1705 2 0.00046415888336127773 Defector
1706 2 0.00046415888336127773 Loner
1707 2 0.00046415888336127773 Neither
1708 2 0.00046415888336127773 Both
1709 8 0.00046415888336127773 Defector
1710 8 0.00046415888336127773 Loner
1711 8 0.00046415888336127773 Neither
1712 8 0.00046415888336127773 Both
1713 2 0.001 Defector
1714 2 0.001 Loner
1715 2 0.001 Neither
1716 2 0.001 Both
1717 8 0.001 Defector
1718 8 0.001 Loner
1719 8 0.001 Neither
1720 8 0.001 Both
1721 2 0.002154434690031882 Defector
1722 2 0.002154434690031882 Loner
1723 2 0.002154434690031882 Neither
1724 2 0.002154434690031882 Both
1725 8 0.002154434690031882 Defector
1726 8 0.002154434690031882 Loner
1727 8 0.002154434690031882 Neither
1728 8 0.002154434690031882 Both
1729 2 0.004641588833612777 Defector
1730 2 0.004641588833612777 Loner
1731 2 0.004641588833612777 Neither
1732 2 0.004641588833612777 Both
1733 8 0.004641588833612777 Defector
1734 8 0.004641588833612777 Loner
1735 8 0.004641588833612777 Neither
1736 8 0.004641588833612777 Both
1737 2 0.01 Defector
1738 2 0.01 Loner
1739 2 0.01 Neither
1740 2 0.01 Both
1741 8 0.01 Defector
1742 8 0.01 Loner
1743 8 0.01 Neither
1744 8 0.01 Both
1745 2 0.021544346900318822 Defector
1746 2 0.021544346900318822 Loner
1747 2 0.021544346900318822 Neither
1748 2 0.021544346900318822 Both
1749 8 0.021544346900318822 Defector
1750 8 0.021544346900318822 Loner
1751 8 0.021544346900318822 Neither
1752 8 0.021544346900318822 Both
1753 2 0.046415888336127774 Defector
1754 2 0.046415888336127774 Loner
1755 2 0.046415888336127774 Neither
1756 2 0.046415888336127774 Both
1757 8 0.046415888336127774 Defector
1758 8 0.046415888336127774 Loner
1759 8 0.046415888336127774 Neither
1760 8 0.046415888336127774 Both
1761 2 0.1 Defector
1762 2 0.1 Loner
1763 2 0.1 Neither
1764 2 0.1 Both
1765 8 0.1 Defector
1766 8 0.1 Loner
1767 8 0.1 Neither
1768 8 0.1 Both
1769 2 0.21544346900318823 Defector
1770 2 0.21544346900318823 Loner
1771 2 0.21544346900318823 Neither
1772 2 0.21544346900318823 Both
1773 8 0.21544346900318823 Defector
1774 8 0.21544346900318823 Loner
1775 8 0.21544346900318823 Neither
1776 8 0.21544346900318823 Both
1777 2 0.46415888336127725 Defector
1778 2 0.46415888336127725 Loner
1779 2 0.46415888336127725 Neither
1780 2 0.46415888336127725 Both
1781 8 0.46415888336127725 Defector
1782 8 0.46415888336127725 Loner
1783 8 0.46415888336127725 Neither
1784 8 0.46415888336127725 Both
1785 2 1.0 Defector
1786 2 1.0 Loner
1787 2 1.0 Neither
1788 2 1.0 Both
1789 8 1.0 Defector
1790 8 1.0 Loner
1791 8 1.0 Neither
1792 8 1.0 Both
1793 2 1e-05 Defector
1794 2 1e-05 Loner
1795 2 1e-05 Neither
1796 2 1e-05 Both
1797 8 1e-05 Defector
1798 8 1e-05 Loner
1799 8 1e-05 Neither
1800 8 1e-05 Both
1801 2 2.1544346900318823e-05 Defector
1802 2 2.1544346900318823e-05 Loner
1803 2 2.1544346900318823e-05 Neither
1804 2 2.1544346900318823e-05 Both
1805 8 2.1544346900318823e-05 Defector
1806 8 2.1544346900318823e-05 Loner
1807 8 2.1544346900318823e-05 Neither
1808 8 2.1544346900318823e-05 Both
1809 2 4.641588833612782e-05 Defector
1810 2 4.641588833612782e-05 Loner
1811 2 4.641588833612782e-05 Neither
1812 2 4.641588833612782e-05 Both
1813 8 4.641588833612782e-05 Defector
1814 8 4.641588833612782e-05 Loner
1815 8 4.641588833612782e-05 Neither
1816 8 4.641588833612782e-05 Both
1817 2 0.0001 Defector
1818 2 0.0001 Loner
1819 2 0.0001 Neither
1820 2 0.0001 Both
1821 8 0.0001 Defector
1822 8 0.0001 Loner
1823 8 0.0001 Neither
1824 8 0.0001 Both
1825 2 0.00021544346900318823 Defector
1826 2 0.00021544346900318823 Loner
1827 2 0.00021544346900318823 Neither
1828 2 0.00021544346900318823 Both
1829 8 0.00021544346900318823 Defector
1830 8 0.00021544346900318823 Loner
1831 8 0.00021544346900318823 Neither
1832 8 0.00021544346900318823 Both
1833 2 0.00046415888336127773 Defector
1834 2 0.00046415888336127773 Loner
1835 2 0.00046415888336127773 Neither
1836 2 0.00046415888336127773 Both
1837 8 0.00046415888336127773 Defector
1838 8 0.00046415888336127773 Loner
1839 8 0.00046415888336127773 Neither
1840 8 0.00046415888336127773 Both
1841 2 0.001 Defector
1842 2 0.001 Loner
1843 2 0.001 Neither
1844 2 0.001 Both
1845 8 0.001 Defector
1846 8 0.001 Loner
1847 8 0.001 Neither
1848 8 0.001 Both
1849 2 0.002154434690031882 Defector
1850 2 0.002154434690031882 Loner
1851 2 0.002154434690031882 Neither
1852 2 0.002154434690031882 Both
1853 8 0.002154434690031882 Defector
1854 8 0.002154434690031882 Loner
1855 8 0.002154434690031882 Neither
1856 8 0.002154434690031882 Both
1857 2 0.004641588833612777 Defector
1858 2 0.004641588833612777 Loner
1859 2 0.004641588833612777 Neither
1860 2 0.004641588833612777 Both
1861 8 0.004641588833612777 Defector
1862 8 0.004641588833612777 Loner
1863 8 0.004641588833612777 Neither
1864 8 0.004641588833612777 Both
1865 2 0.01 Defector
1866 2 0.01 Loner
1867 2 0.01 Neither
1868 2 0.01 Both
1869 8 0.01 Defector
1870 8 0.01 Loner
1871 8 0.01 Neither
1872 8 0.01 Both
1873 2 0.021544346900318822 Defector
1874 2 0.021544346900318822 Loner
1875 2 0.021544346900318822 Neither
1876 2 0.021544346900318822 Both
1877 8 0.021544346900318822 Defector
1878 8 0.021544346900318822 Loner
1879 8 0.021544346900318822 Neither
1880 8 0.021544346900318822 Both
1881 2 0.046415888336127774 Defector
1882 2 0.046415888336127774 Loner
1883 2 0.046415888336127774 Neither
1884 2 0.046415888336127774 Both
1885 8 0.046415888336127774 Defector
1886 8 0.046415888336127774 Loner
1887 8 0.046415888336127774 Neither
1888 8 0.046415888336127774 Both
1889 2 0.1 Defector
1890 2 0.1 Loner
1891 2 0.1 Neither
1892 2 0.1 Both
1893 8 0.1 Defector
1894 8 0.1 Loner
1895 8 0.1 Neither
1896 8 0.1 Both
1897 2 0.21544346900318823 Defector
1898 2 0.21544346900318823 Loner
1899 2 0.21544346900318823 Neither
1900 2 0.21544346900318823 Both
1901 8 0.21544346900318823 Defector
1902 8 0.21544346900318823 Loner
1903 8 0.21544346900318823 Neither
1904 8 0.21544346900318823 Both
1905 2 0.46415888336127725 Defector
1906 2 0.46415888336127725 Loner
1907 2 0.46415888336127725 Neither
1908 2 0.46415888336127725 Both
1909 8 0.46415888336127725 Defector
1910 8 0.46415888336127725 Loner
1911 8 0.46415888336127725 Neither
1912 8 0.46415888336127725 Both
1913 2 1.0 Defector
1914 2 1.0 Loner
1915 2 1.0 Neither
1916 2 1.0 Both
1917 8 1.0 Defector
1918 8 1.0 Loner
1919 8 1.0 Neither
1920 8 1.0 Both
1921 2 1e-05 Defector
1922 2 1e-05 Loner
1923 2 1e-05 Neither
1924 2 1e-05 Both
1925 8 1e-05 Defector
1926 8 1e-05 Loner
1927 8 1e-05 Neither
1928 8 1e-05 Both
1929 2 2.1544346900318823e-05 Defector
1930 2 2.1544346900318823e-05 Loner
1931 2 2.1544346900318823e-05 Neither
1932 2 2.1544346900318823e-05 Both
1933 8 2.1544346900318823e-05 Defector
1934 8 2.1544346900318823e-05 Loner
1935 8 2.1544346900318823e-05 Neither
1936 8 2.1544346900318823e-05 Both
1937 2 4.641588833612782e-05 Defector
1938 2 4.641588833612782e-05 Loner
1939 2 4.641588833612782e-05 Neither
1940 2 4.641588833612782e-05 Both
1941 8 4.641588833612782e-05 Defector
1942 8 4.641588833612782e-05 Loner
1943 8 4.641588833612782e-05 Neither
1944 8 4.641588833612782e-05 Both
1945 2 0.0001 Defector
1946 2 0.0001 Loner
1947 2 0.0001 Neither
1948 2 0.0001 Both
1949 8 0.0001 Defector
1950 8 0.0001 Loner
1951 8 0.0001 Neither
1952 8 0.0001 Both
1953 2 0.00021544346900318823 Defector
1954 2 0.00021544346900318823 Loner
1955 2 0.00021544346900318823 Neither
1956 2 0.00021544346900318823 Both
1957 8 0.00021544346900318823 Defector
1958 8 0.00021544346900318823 Loner
1959 8 0.00021544346900318823 Neither
1960 8 0.00021544346900318823 Both
1961 2 0.00046415888336127773 Defector
1962 2 0.00046415888336127773 Loner
1963 2 0.00046415888336127773 Neither
1964 2 0.00046415888336127773 Both
1965 8 0.00046415888336127773 Defector
1966 8 0.00046415888336127773 Loner
1967 8 0.00046415888336127773 Neither
1968 8 0.00046415888336127773 Both
1969 2 0.001 Defector
1970 2 0.001 Loner
1971 2 0.001 Neither
1972 2 0.001 Both
1973 8 0.001 Defector
1974 8 0.001 Loner
1975 8 0.001 Neither
1976 8 0.001 Both
1977 2 0.002154434690031882 Defector
1978 2 0.002154434690031882 Loner
1979 2 0.002154434690031882 Neither
1980 2 0.002154434690031882 Both
1981 8 0.002154434690031882 Defector
1982 8 0.002154434690031882 Loner
1983 8 0.002154434690031882 Neither
1984 8 0.002154434690031882 Both
1985 2 0.004641588833612777 Defector
1986 2 0.004641588833612777 Loner
1987 2 0.004641588833612777 Neither
1988 2 0.004641588833612777 Both
1989 8 0.004641588833612777 Defector
1990 8 0.004641588833612777 Loner
1991 8 0.004641588833612777 Neither
1992 8 0.004641588833612777 Both
1993 2 0.01 Defector
1994 2 0.01 Loner
1995 2 0.01 Neither
1996 2 0.01 Both
1997 8 0.01 Defector
1998 8 0.01 Loner
1999 8 0.01 Neither
2000 8 0.01 Both
2001 2 0.021544346900318822 Defector
2002 2 0.021544346900318822 Loner
2003 2 0.021544346900318822 Neither
2004 2 0.021544346900318822 Both
2005 8 0.021544346900318822 Defector
2006 8 0.021544346900318822 Loner
2007 8 0.021544346900318822 Neither
2008 8 0.021544346900318822 Both
2009 2 0.046415888336127774 Defector
2010 2 0.046415888336127774 Loner
2011 2 0.046415888336127774 Neither
2012 2 0.046415888336127774 Both
2013 8 0.046415888336127774 Defector
2014 8 0.046415888336127774 Loner
2015 8 0.046415888336127774 Neither
2016 8 0.046415888336127774 Both
2017 2 0.1 Defector
2018 2 0.1 Loner
2019 2 0.1 Neither
2020 2 0.1 Both
2021 8 0.1 Defector
2022 8 0.1 Loner
2023 8 0.1 Neither
2024 8 0.1 Both
2025 2 0.21544346900318823 Defector
2026 2 0.21544346900318823 Loner
2027 2 0.21544346900318823 Neither
2028 2 0.21544346900318823 Both
2029 8 0.21544346900318823 Defector
2030 8 0.21544346900318823 Loner
2031 8 0.21544346900318823 Neither
2032 8 0.21544346900318823 Both
2033 2 0.46415888336127725 Defector
2034 2 0.46415888336127725 Loner
2035 2 0.46415888336127725 Neither
2036 2 0.46415888336127725 Both
2037 8 0.46415888336127725 Defector
2038 8 0.46415888336127725 Loner
2039 8 0.46415888336127725 Neither
2040 8 0.46415888336127725 Both
2041 2 1.0 Defector
2042 2 1.0 Loner
2043 2 1.0 Neither
2044 2 1.0 Both
2045 8 1.0 Defector
2046 8 1.0 Loner
2047 8 1.0 Neither
2048 8 1.0 Both
2049 2 1e-05 Defector
2050 2 1e-05 Loner
2051 2 1e-05 Neither
2052 2 1e-05 Both
2053 8 1e-05 Defector
2054 8 1e-05 Loner
2055 8 1e-05 Neither
2056 8 1e-05 Both
2057 2 2.1544346900318823e-05 Defector
2058 2 2.1544346900318823e-05 Loner
2059 2 2.1544346900318823e-05 Neither
2060 2 2.1544346900318823e-05 Both
2061 8 2.1544346900318823e-05 Defector
2062 8 2.1544346900318823e-05 Loner
2063 8 2.1544346900318823e-05 Neither
2064 8 2.1544346900318823e-05 Both
2065 2 4.641588833612782e-05 Defector
2066 2 4.641588833612782e-05 Loner
2067 2 4.641588833612782e-05 Neither
2068 2 4.641588833612782e-05 Both
2069 8 4.641588833612782e-05 Defector
2070 8 4.641588833612782e-05 Loner
2071 8 4.641588833612782e-05 Neither
2072 8 4.641588833612782e-05 Both
2073 2 0.0001 Defector
2074 2 0.0001 Loner
2075 2 0.0001 Neither
2076 2 0.0001 Both
2077 8 0.0001 Defector
2078 8 0.0001 Loner
2079 8 0.0001 Neither
2080 8 0.0001 Both
2081 2 0.00021544346900318823 Defector
2082 2 0.00021544346900318823 Loner
2083 2 0.00021544346900318823 Neither
2084 2 0.00021544346900318823 Both
2085 8 0.00021544346900318823 Defector
2086 8 0.00021544346900318823 Loner
2087 8 0.00021544346900318823 Neither
2088 8 0.00021544346900318823 Both
2089 2 0.00046415888336127773 Defector
2090 2 0.00046415888336127773 Loner
2091 2 0.00046415888336127773 Neither
2092 2 0.00046415888336127773 Both
2093 8 0.00046415888336127773 Defector
2094 8 0.00046415888336127773 Loner
2095 8 0.00046415888336127773 Neither
2096 8 0.00046415888336127773 Both
2097 2 0.001 Defector
2098 2 0.001 Loner
2099 2 0.001 Neither
2100 2 0.001 Both
2101 8 0.001 Defector
2102 8 0.001 Loner
2103 8 0.001 Neither
2104 8 0.001 Both
2105 2 0.002154434690031882 Defector
2106 2 0.002154434690031882 Loner
2107 2 0.002154434690031882 Neither
2108 2 0.002154434690031882 Both
2109 8 0.002154434690031882 Defector
2110 8 0.002154434690031882 Loner
2111 8 0.002154434690031882 Neither
2112 8 0.002154434690031882 Both
2113 2 0.004641588833612777 Defector
2114 2 0.004641588833612777 Loner
2115 2 0.004641588833612777 Neither
2116 2 0.004641588833612777 Both
2117 8 0.004641588833612777 Defector
2118 8 0.004641588833612777 Loner
2119 8 0.004641588833612777 Neither
2120 8 0.004641588833612777 Both
2121 2 0.01 Defector
2122 2 0.01 Loner
2123 2 0.01 Neither
2124 2 0.01 Both
2125 8 0.01 Defector
2126 8 0.01 Loner
2127 8 0.01 Neither
2128 8 0.01 Both
2129 2 0.021544346900318822 Defector
2130 2 0.021544346900318822 Loner
2131 2 0.021544346900318822 Neither
2132 2 0.021544346900318822 Both
2133 8 0.021544346900318822 Defector
2134 8 0.021544346900318822 Loner
2135 8 0.021544346900318822 Neither
2136 8 0.021544346900318822 Both
2137 2 0.046415888336127774 Defector
2138 2 0.046415888336127774 Loner
2139 2 0.046415888336127774 Neither
2140 2 0.046415888336127774 Both
2141 8 0.046415888336127774 Defector
2142 8 0.046415888336127774 Loner
2143 8 0.046415888336127774 Neither
2144 8 0.046415888336127774 Both
2145 2 0.1 Defector
2146 2 0.1 Loner
2147 2 0.1 Neither
2148 2 0.1 Both
2149 8 0.1 Defector
2150 8 0.1 Loner
2151 8 0.1 Neither
2152 8 0.1 Both
2153 2 0.21544346900318823 Defector
2154 2 0.21544346900318823 Loner
2155 2 0.21544346900318823 Neither
2156 2 0.21544346900318823 Both
2157 8 0.21544346900318823 Defector
2158 8 0.21544346900318823 Loner
2159 8 0.21544346900318823 Neither
2160 8 0.21544346900318823 Both
2161 2 0.46415888336127725 Defector
2162 2 0.46415888336127725 Loner
2163 2 0.46415888336127725 Neither
2164 2 0.46415888336127725 Both
2165 8 0.46415888336127725 Defector
2166 8 0.46415888336127725 Loner
2167 8 0.46415888336127725 Neither
2168 8 0.46415888336127725 Both
2169 2 1.0 Defector
2170 2 1.0 Loner
2171 2 1.0 Neither
2172 2 1.0 Both
2173 8 1.0 Defector
2174 8 1.0 Loner
2175 8 1.0 Neither
2176 8 1.0 Both
2177 2 1e-05 Defector
2178 2 1e-05 Loner
2179 2 1e-05 Neither
2180 2 1e-05 Both
2181 8 1e-05 Defector
2182 8 1e-05 Loner
2183 8 1e-05 Neither
2184 8 1e-05 Both
2185 2 2.1544346900318823e-05 Defector
2186 2 2.1544346900318823e-05 Loner
2187 2 2.1544346900318823e-05 Neither
2188 2 2.1544346900318823e-05 Both
2189 8 2.1544346900318823e-05 Defector
2190 8 2.1544346900318823e-05 Loner
2191 8 2.1544346900318823e-05 Neither
2192 8 2.1544346900318823e-05 Both
2193 2 4.641588833612782e-05 Defector
2194 2 4.641588833612782e-05 Loner
2195 2 4.641588833612782e-05 Neither
2196 2 4.641588833612782e-05 Both
2197 8 4.641588833612782e-05 Defector
2198 8 4.641588833612782e-05 Loner
2199 8 4.641588833612782e-05 Neither
2200 8 4.641588833612782e-05 Both
2201 2 0.0001 Defector
2202 2 0.0001 Loner
2203 2 0.0001 Neither
2204 2 0.0001 Both
2205 8 0.0001 Defector
2206 8 0.0001 Loner
2207 8 0.0001 Neither
2208 8 0.0001 Both
2209 2 0.00021544346900318823 Defector
2210 2 0.00021544346900318823 Loner
2211 2 0.00021544346900318823 Neither
2212 2 0.00021544346900318823 Both
2213 8 0.00021544346900318823 Defector
2214 8 0.00021544346900318823 Loner
2215 8 0.00021544346900318823 Neither
2216 8 0.00021544346900318823 Both
2217 2 0.00046415888336127773 Defector
2218 2 0.00046415888336127773 Loner
2219 2 0.00046415888336127773 Neither
2220 2 0.00046415888336127773 Both
2221 8 0.00046415888336127773 Defector
2222 8 0.00046415888336127773 Loner
2223 8 0.00046415888336127773 Neither
2224 8 0.00046415888336127773 Both
2225 2 0.001 Defector
2226 2 0.001 Loner
2227 2 0.001 Neither
2228 2 0.001 Both
2229 8 0.001 Defector
2230 8 0.001 Loner
2231 8 0.001 Neither
2232 8 0.001 Both
2233 2 0.002154434690031882 Defector
2234 2 0.002154434690031882 Loner
2235 2 0.002154434690031882 Neither
2236 2 0.002154434690031882 Both
2237 8 0.002154434690031882 Defector
2238 8 0.002154434690031882 Loner
2239 8 0.002154434690031882 Neither
2240 8 0.002154434690031882 Both
2241 2 0.004641588833612777 Defector
2242 2 0.004641588833612777 Loner
2243 2 0.004641588833612777 Neither
2244 2 0.004641588833612777 Both
2245 8 0.004641588833612777 Defector
2246 8 0.004641588833612777 Loner
2247 8 0.004641588833612777 Neither
2248 8 0.004641588833612777 Both
2249 2 0.01 Defector
2250 2 0.01 Loner
2251 2 0.01 Neither
2252 2 0.01 Both
2253 8 0.01 Defector
2254 8 0.01 Loner
2255 8 0.01 Neither
2256 8 0.01 Both
2257 2 0.021544346900318822 Defector
2258 2 0.021544346900318822 Loner
2259 2 0.021544346900318822 Neither
2260 2 0.021544346900318822 Both
2261 8 0.021544346900318822 Defector
2262 8 0.021544346900318822 Loner
2263 8 0.021544346900318822 Neither
2264 8 0.021544346900318822 Both
2265 2 0.046415888336127774 Defector
2266 2 0.046415888336127774 Loner
2267 2 0.046415888336127774 Neither
2268 2 0.046415888336127774 Both
2269 8 0.046415888336127774 Defector
2270 8 0.046415888336127774 Loner
2271 8 0.046415888336127774 Neither
2272 8 0.046415888336127774 Both
2273 2 0.1 Defector
2274 2 0.1 Loner
2275 2 0.1 Neither
2276 2 0.1 Both
2277 8 0.1 Defector
2278 8 0.1 Loner
2279 8 0.1 Neither
2280 8 0.1 Both
2281 2 0.21544346900318823 Defector
2282 2 0.21544346900318823 Loner
2283 2 0.21544346900318823 Neither
2284 2 0.21544346900318823 Both
2285 8 0.21544346900318823 Defector
2286 8 0.21544346900318823 Loner
2287 8 0.21544346900318823 Neither
2288 8 0.21544346900318823 Both
2289 2 0.46415888336127725 Defector
2290 2 0.46415888336127725 Loner
2291 2 0.46415888336127725 Neither
2292 2 0.46415888336127725 Both
2293 8 0.46415888336127725 Defector
2294 8 0.46415888336127725 Loner
2295 8 0.46415888336127725 Neither
2296 8 0.46415888336127725 Both
2297 2 1.0 Defector
2298 2 1.0 Loner
2299 2 1.0 Neither
2300 2 1.0 Both
2301 8 1.0 Defector
2302 8 1.0 Loner
2303 8 1.0 Neither
2304 8 1.0 Both
2305 2 1e-05 Defector
2306 2 1e-05 Loner
2307 2 1e-05 Neither
2308 2 1e-05 Both
2309 8 1e-05 Defector
2310 8 1e-05 Loner
2311 8 1e-05 Neither
2312 8 1e-05 Both
2313 2 2.1544346900318823e-05 Defector
2314 2 2.1544346900318823e-05 Loner
2315 2 2.1544346900318823e-05 Neither
2316 2 2.1544346900318823e-05 Both
2317 8 2.1544346900318823e-05 Defector
2318 8 2.1544346900318823e-05 Loner
2319 8 2.1544346900318823e-05 Neither
2320 8 2.1544346900318823e-05 Both
2321 2 4.641588833612782e-05 Defector
2322 2 4.641588833612782e-05 Loner
2323 2 4.641588833612782e-05 Neither
2324 2 4.641588833612782e-05 Both
2325 8 4.641588833612782e-05 Defector
2326 8 4.641588833612782e-05 Loner
2327 8 4.641588833612782e-05 Neither
2328 8 4.641588833612782e-05 Both
2329 2 0.0001 Defector
2330 2 0.0001 Loner
2331 2 0.0001 Neither
2332 2 0.0001 Both
2333 8 0.0001 Defector
2334 8 0.0001 Loner
2335 8 0.0001 Neither
2336 8 0.0001 Both
2337 2 0.00021544346900318823 Defector
2338 2 0.00021544346900318823 Loner
2339 2 0.00021544346900318823 Neither
2340 2 0.00021544346900318823 Both
2341 8 0.00021544346900318823 Defector
2342 8 0.00021544346900318823 Loner
2343 8 0.00021544346900318823 Neither
2344 8 0.00021544346900318823 Both
2345 2 0.00046415888336127773 Defector
2346 2 0.00046415888336127773 Loner
2347 2 0.00046415888336127773 Neither
2348 2 0.00046415888336127773 Both
2349 8 0.00046415888336127773 Defector
2350 8 0.00046415888336127773 Loner
2351 8 0.00046415888336127773 Neither
2352 8 0.00046415888336127773 Both
2353 2 0.001 Defector
2354 2 0.001 Loner
2355 2 0.001 Neither
2356 2 0.001 Both
2357 8 0.001 Defector
2358 8 0.001 Loner
2359 8 0.001 Neither
2360 8 0.001 Both
2361 2 0.002154434690031882 Defector
2362 2 0.002154434690031882 Loner
2363 2 0.002154434690031882 Neither
2364 2 0.002154434690031882 Both
2365 8 0.002154434690031882 Defector
2366 8 0.002154434690031882 Loner
2367 8 0.002154434690031882 Neither
2368 8 0.002154434690031882 Both
2369 2 0.004641588833612777 Defector
2370 2 0.004641588833612777 Loner
2371 2 0.004641588833612777 Neither
2372 2 0.004641588833612777 Both
2373 8 0.004641588833612777 Defector
2374 8 0.004641588833612777 Loner
2375 8 0.004641588833612777 Neither
2376 8 0.004641588833612777 Both
2377 2 0.01 Defector
2378 2 0.01 Loner
2379 2 0.01 Neither
2380 2 0.01 Both
2381 8 0.01 Defector
2382 8 0.01 Loner
2383 8 0.01 Neither
2384 8 0.01 Both
2385 2 0.021544346900318822 Defector
2386 2 0.021544346900318822 Loner
2387 2 0.021544346900318822 Neither
2388 2 0.021544346900318822 Both
2389 8 0.021544346900318822 Defector
2390 8 0.021544346900318822 Loner
2391 8 0.021544346900318822 Neither
2392 8 0.021544346900318822 Both
2393 2 0.046415888336127774 Defector
2394 2 0.046415888336127774 Loner
2395 2 0.046415888336127774 Neither
2396 2 0.046415888336127774 Both
2397 8 0.046415888336127774 Defector
2398 8 0.046415888336127774 Loner
2399 8 0.046415888336127774 Neither
2400 8 0.046415888336127774 Both
2401 2 0.1 Defector
2402 2 0.1 Loner
2403 2 0.1 Neither
2404 2 0.1 Both
2405 8 0.1 Defector
2406 8 0.1 Loner
2407 8 0.1 Neither
2408 8 0.1 Both
2409 2 0.21544346900318823 Defector
2410 2 0.21544346900318823 Loner
2411 2 0.21544346900318823 Neither
2412 2 0.21544346900318823 Both
2413 8 0.21544346900318823 Defector
2414 8 0.21544346900318823 Loner
2415 8 0.21544346900318823 Neither
2416 8 0.21544346900318823 Both
2417 2 0.46415888336127725 Defector
2418 2 0.46415888336127725 Loner
2419 2 0.46415888336127725 Neither
2420 2 0.46415888336127725 Both
2421 8 0.46415888336127725 Defector
2422 8 0.46415888336127725 Loner
2423 8 0.46415888336127725 Neither
2424 8 0.46415888336127725 Both
2425 2 1.0 Defector
2426 2 1.0 Loner
2427 2 1.0 Neither
2428 2 1.0 Both
2429 8 1.0 Defector
2430 8 1.0 Loner
2431 8 1.0 Neither
2432 8 1.0 Both
2433 2 1e-05 Defector
2434 2 1e-05 Loner
2435 2 1e-05 Neither
2436 2 1e-05 Both
2437 8 1e-05 Defector
2438 8 1e-05 Loner
2439 8 1e-05 Neither
2440 8 1e-05 Both
2441 2 2.1544346900318823e-05 Defector
2442 2 2.1544346900318823e-05 Loner
2443 2 2.1544346900318823e-05 Neither
2444 2 2.1544346900318823e-05 Both
2445 8 2.1544346900318823e-05 Defector
2446 8 2.1544346900318823e-05 Loner
2447 8 2.1544346900318823e-05 Neither
2448 8 2.1544346900318823e-05 Both
2449 2 4.641588833612782e-05 Defector
2450 2 4.641588833612782e-05 Loner
2451 2 4.641588833612782e-05 Neither
2452 2 4.641588833612782e-05 Both
2453 8 4.641588833612782e-05 Defector
2454 8 4.641588833612782e-05 Loner
2455 8 4.641588833612782e-05 Neither
2456 8 4.641588833612782e-05 Both
2457 2 0.0001 Defector
2458 2 0.0001 Loner
2459 2 0.0001 Neither
2460 2 0.0001 Both
2461 8 0.0001 Defector
2462 8 0.0001 Loner
2463 8 0.0001 Neither
2464 8 0.0001 Both
2465 2 0.00021544346900318823 Defector
2466 2 0.00021544346900318823 Loner
2467 2 0.00021544346900318823 Neither
2468 2 0.00021544346900318823 Both
2469 8 0.00021544346900318823 Defector
2470 8 0.00021544346900318823 Loner
2471 8 0.00021544346900318823 Neither
2472 8 0.00021544346900318823 Both
2473 2 0.00046415888336127773 Defector
2474 2 0.00046415888336127773 Loner
2475 2 0.00046415888336127773 Neither
2476 2 0.00046415888336127773 Both
2477 8 0.00046415888336127773 Defector
2478 8 0.00046415888336127773 Loner
2479 8 0.00046415888336127773 Neither
2480 8 0.00046415888336127773 Both
2481 2 0.001 Defector
2482 2 0.001 Loner
2483 2 0.001 Neither
2484 2 0.001 Both
2485 8 0.001 Defector
2486 8 0.001 Loner
2487 8 0.001 Neither
2488 8 0.001 Both
2489 2 0.002154434690031882 Defector
2490 2 0.002154434690031882 Loner
2491 2 0.002154434690031882 Neither
2492 2 0.002154434690031882 Both
2493 8 0.002154434690031882 Defector
2494 8 0.002154434690031882 Loner
2495 8 0.002154434690031882 Neither
2496 8 0.002154434690031882 Both
2497 2 0.004641588833612777 Defector
2498 2 0.004641588833612777 Loner
2499 2 0.004641588833612777 Neither
2500 2 0.004641588833612777 Both
2501 8 0.004641588833612777 Defector
2502 8 0.004641588833612777 Loner
2503 8 0.004641588833612777 Neither
2504 8 0.004641588833612777 Both
2505 2 0.01 Defector
2506 2 0.01 Loner
2507 2 0.01 Neither
2508 2 0.01 Both
2509 8 0.01 Defector
2510 8 0.01 Loner
2511 8 0.01 Neither
2512 8 0.01 Both
2513 2 0.021544346900318822 Defector
2514 2 0.021544346900318822 Loner
2515 2 0.021544346900318822 Neither
2516 2 0.021544346900318822 Both
2517 8 0.021544346900318822 Defector
2518 8 0.021544346900318822 Loner
2519 8 0.021544346900318822 Neither
2520 8 0.021544346900318822 Both
2521 2 0.046415888336127774 Defector
2522 2 0.046415888336127774 Loner
2523 2 0.046415888336127774 Neither
2524 2 0.046415888336127774 Both
2525 8 0.046415888336127774 Defector
2526 8 0.046415888336127774 Loner
2527 8 0.046415888336127774 Neither
2528 8 0.046415888336127774 Both
2529 2 0.1 Defector
2530 2 0.1 Loner
2531 2 0.1 Neither
2532 2 0.1 Both
2533 8 0.1 Defector
2534 8 0.1 Loner
2535 8 0.1 Neither
2536 8 0.1 Both
2537 2 0.21544346900318823 Defector
2538 2 0.21544346900318823 Loner
2539 2 0.21544346900318823 Neither
2540 2 0.21544346900318823 Both
2541 8 0.21544346900318823 Defector
2542 8 0.21544346900318823 Loner
2543 8 0.21544346900318823 Neither
2544 8 0.21544346900318823 Both
2545 2 0.46415888336127725 Defector
2546 2 0.46415888336127725 Loner
2547 2 0.46415888336127725 Neither
2548 2 0.46415888336127725 Both
2549 8 0.46415888336127725 Defector
2550 8 0.46415888336127725 Loner
2551 8 0.46415888336127725 Neither
2552 8 0.46415888336127725 Both
2553 2 1.0 Defector
2554 2 1.0 Loner
2555 2 1.0 Neither
2556 2 1.0 Both
2557 8 1.0 Defector
2558 8 1.0 Loner
2559 8 1.0 Neither
2560 8 1.0 Both
