0001 2 1.0000 Defector
0002 2 1.0000 Loner
0003 2 1.0000 Neither
0004 2 1.0000 Both
0005 2 1.3333 Defector
0006 2 1.3333 Loner
0007 2 1.3333 Neither
0008 2 1.3333 Both
0009 2 1.6667 Defector
0010 2 1.6667 Loner
0011 2 1.6667 Neither
0012 2 1.6667 Both
0013 2 2.0000 Defector
0014 2 2.0000 Loner
0015 2 2.0000 Neither
0016 2 2.0000 Both
0017 2 2.3333 Defector
0018 2 2.3333 Loner
0019 2 2.3333 Neither
0020 2 2.3333 Both
0021 2 2.6667 Defector
0022 2 2.6667 Loner
0023 2 2.6667 Neither
0024 2 2.6667 Both
0025 2 3.0000 Defector
0026 2 3.0000 Loner
0027 2 3.0000 Neither
0028 2 3.0000 Both
0029 2 3.3333 Defector
0030 2 3.3333 Loner
0031 2 3.3333 Neither
0032 2 3.3333 Both
0033 2 3.6667 Defector
0034 2 3.6667 Loner
0035 2 3.6667 Neither
0036 2 3.6667 Both
0037 2 4.0000 Defector
0038 2 4.0000 Loner
0039 2 4.0000 Neither
0040 2 4.0000 Both
0041 2 4.3333 Defector
0042 2 4.3333 Loner
0043 2 4.3333 Neither
0044 2 4.3333 Both
0045 2 4.6667 Defector
0046 2 4.6667 Loner
0047 2 4.6667 Neither
0048 2 4.6667 Both
0049 2 5.0000 Defector
0050 2 5.0000 Loner
0051 2 5.0000 Neither
0052 2 5.0000 Both
0053 8 1.0000 Defector
0054 8 1.0000 Loner
0055 8 1.0000 Neither
0056 8 1.0000 Both
0057 8 1.3333 Defector
0058 8 1.3333 Loner
0059 8 1.3333 Neither
0060 8 1.3333 Both
0061 8 1.6667 Defector
0062 8 1.6667 Loner
0063 8 1.6667 Neither
0064 8 1.6667 Both
0065 8 2.0000 Defector
0066 8 2.0000 Loner
0067 8 2.0000 Neither
0068 8 2.0000 Both
0069 8 2.3333 Defector
0070 8 2.3333 Loner
0071 8 2.3333 Neither
0072 8 2.3333 Both
0073 8 2.6667 Defector
0074 8 2.6667 Loner
0075 8 2.6667 Neither
0076 8 2.6667 Both
0077 8 3.0000 Defector
0078 8 3.0000 Loner
0079 8 3.0000 Neither
0080 8 3.0000 Both
0081 8 3.3333 Defector
0082 8 3.3333 Loner
0083 8 3.3333 Neither
0084 8 3.3333 Both
0085 8 3.6667 Defector
0086 8 3.6667 Loner
0087 8 3.6667 Neither
0088 8 3.6667 Both
0089 8 4.0000 Defector
0090 8 4.0000 Loner
0091 8 4.0000 Neither
0092 8 4.0000 Both
0093 8 4.3333 Defector
0094 8 4.3333 Loner
0095 8 4.3333 Neither
0096 8 4.3333 Both
0097 8 4.6667 Defector
0098 8 4.6667 Loner
0099 8 4.6667 Neither
0100 8 4.6667 Both
0101 8 5.0000 Defector
0102 8 5.0000 Loner
0103 8 5.0000 Neither
0104 8 5.0000 Both
0105 2 1.0000 Defector
0106 2 1.0000 Loner
0107 2 1.0000 Neither
0108 2 1.0000 Both
0109 2 1.3333 Defector
0110 2 1.3333 Loner
0111 2 1.3333 Neither
0112 2 1.3333 Both
0113 2 1.6667 Defector
0114 2 1.6667 Loner
0115 2 1.6667 Neither
0116 2 1.6667 Both
0117 2 2.0000 Defector
0118 2 2.0000 Loner
0119 2 2.0000 Neither
0120 2 2.0000 Both
0121 2 2.3333 Defector
0122 2 2.3333 Loner
0123 2 2.3333 Neither
0124 2 2.3333 Both
0125 2 2.6667 Defector
0126 2 2.6667 Loner
0127 2 2.6667 Neither
0128 2 2.6667 Both
0129 2 3.0000 Defector
0130 2 3.0000 Loner
0131 2 3.0000 Neither
0132 2 3.0000 Both
0133 2 3.3333 Defector
0134 2 3.3333 Loner
0135 2 3.3333 Neither
0136 2 3.3333 Both
0137 2 3.6667 Defector
0138 2 3.6667 Loner
0139 2 3.6667 Neither
0140 2 3.6667 Both
0141 2 4.0000 Defector
0142 2 4.0000 Loner
0143 2 4.0000 Neither
0144 2 4.0000 Both
0145 2 4.3333 Defector
0146 2 4.3333 Loner
0147 2 4.3333 Neither
0148 2 4.3333 Both
0149 2 4.6667 Defector
0150 2 4.6667 Loner
0151 2 4.6667 Neither
0152 2 4.6667 Both
0153 2 5.0000 Defector
0154 2 5.0000 Loner
0155 2 5.0000 Neither
0156 2 5.0000 Both
0157 8 1.0000 Defector
0158 8 1.0000 Loner
0159 8 1.0000 Neither
0160 8 1.0000 Both
0161 8 1.3333 Defector
0162 8 1.3333 Loner
0163 8 1.3333 Neither
0164 8 1.3333 Both
0165 8 1.6667 Defector
0166 8 1.6667 Loner
0167 8 1.6667 Neither
0168 8 1.6667 Both
0169 8 2.0000 Defector
0170 8 2.0000 Loner
0171 8 2.0000 Neither
0172 8 2.0000 Both
0173 8 2.3333 Defector
0174 8 2.3333 Loner
0175 8 2.3333 Neither
0176 8 2.3333 Both
0177 8 2.6667 Defector
0178 8 2.6667 Loner
0179 8 2.6667 Neither
0180 8 2.6667 Both
0181 8 3.0000 Defector
0182 8 3.0000 Loner
0183 8 3.0000 Neither
0184 8 3.0000 Both
0185 8 3.3333 Defector
0186 8 3.3333 Loner
0187 8 3.3333 Neither
0188 8 3.3333 Both
0189 8 3.6667 Defector
0190 8 3.6667 Loner
0191 8 3.6667 Neither
0192 8 3.6667 Both
0193 8 4.0000 Defector
0194 8 4.0000 Loner
0195 8 4.0000 Neither
0196 8 4.0000 Both
0197 8 4.3333 Defector
0198 8 4.3333 Loner
0199 8 4.3333 Neither
0200 8 4.3333 Both
0201 8 4.6667 Defector
0202 8 4.6667 Loner
0203 8 4.6667 Neither
0204 8 4.6667 Both
0205 8 5.0000 Defector
0206 8 5.0000 Loner
0207 8 5.0000 Neither
0208 8 5.0000 Both
0209 2 1.0000 Defector
0210 2 1.0000 Loner
0211 2 1.0000 Neither
0212 2 1.0000 Both
0213 2 1.3333 Defector
0214 2 1.3333 Loner
0215 2 1.3333 Neither
0216 2 1.3333 Both
0217 2 1.6667 Defector
0218 2 1.6667 Loner
0219 2 1.6667 Neither
0220 2 1.6667 Both
0221 2 2.0000 Defector
0222 2 2.0000 Loner
0223 2 2.0000 Neither
0224 2 2.0000 Both
0225 2 2.3333 Defector
0226 2 2.3333 Loner
0227 2 2.3333 Neither
0228 2 2.3333 Both
0229 2 2.6667 Defector
0230 2 2.6667 Loner
0231 2 2.6667 Neither
0232 2 2.6667 Both
0233 2 3.0000 Defector
0234 2 3.0000 Loner
0235 2 3.0000 Neither
0236 2 3.0000 Both
0237 2 3.3333 Defector
0238 2 3.3333 Loner
0239 2 3.3333 Neither
0240 2 3.3333 Both
0241 2 3.6667 Defector
0242 2 3.6667 Loner
0243 2 3.6667 Neither
0244 2 3.6667 Both
0245 2 4.0000 Defector
0246 2 4.0000 Loner
0247 2 4.0000 Neither
0248 2 4.0000 Both
0249 2 4.3333 Defector
0250 2 4.3333 Loner
0251 2 4.3333 Neither
0252 2 4.3333 Both
0253 2 4.6667 Defector
0254 2 4.6667 Loner
0255 2 4.6667 Neither
0256 2 4.6667 Both
0257 2 5.0000 Defector
0258 2 5.0000 Loner
0259 2 5.0000 Neither
0260 2 5.0000 Both
0261 8 1.0000 Defector
0262 8 1.0000 Loner
0263 8 1.0000 Neither
0264 8 1.0000 Both
0265 8 1.3333 Defector
0266 8 1.3333 Loner
0267 8 1.3333 Neither
0268 8 1.3333 Both
0269 8 1.6667 Defector
0270 8 1.6667 Loner
0271 8 1.6667 Neither
0272 8 1.6667 Both
0273 8 2.0000 Defector
0274 8 2.0000 Loner
0275 8 2.0000 Neither
0276 8 2.0000 Both
0277 8 2.3333 Defector
0278 8 2.3333 Loner
0279 8 2.3333 Neither
0280 8 2.3333 Both
0281 8 2.6667 Defector
0282 8 2.6667 Loner
0283 8 2.6667 Neither
0284 8 2.6667 Both
0285 8 3.0000 Defector
0286 8 3.0000 Loner
0287 8 3.0000 Neither
0288 8 3.0000 Both
0289 8 3.3333 Defector
0290 8 3.3333 Loner
0291 8 3.3333 Neither
0292 8 3.3333 Both
0293 8 3.6667 Defector
0294 8 3.6667 Loner
0295 8 3.6667 Neither
0296 8 3.6667 Both
0297 8 4.0000 Defector
0298 8 4.0000 Loner
0299 8 4.0000 Neither
0300 8 4.0000 Both
0301 8 4.3333 Defector
0302 8 4.3333 Loner
0303 8 4.3333 Neither
0304 8 4.3333 Both
0305 8 4.6667 Defector
0306 8 4.6667 Loner
0307 8 4.6667 Neither
0308 8 4.6667 Both
0309 8 5.0000 Defector
0310 8 5.0000 Loner
0311 8 5.0000 Neither
0312 8 5.0000 Both
0313 2 1.0000 Defector
0314 2 1.0000 Loner
0315 2 1.0000 Neither
0316 2 1.0000 Both
0317 2 1.3333 Defector
0318 2 1.3333 Loner
0319 2 1.3333 Neither
0320 2 1.3333 Both
0321 2 1.6667 Defector
0322 2 1.6667 Loner
0323 2 1.6667 Neither
0324 2 1.6667 Both
0325 2 2.0000 Defector
0326 2 2.0000 Loner
0327 2 2.0000 Neither
0328 2 2.0000 Both
0329 2 2.3333 Defector
0330 2 2.3333 Loner
0331 2 2.3333 Neither
0332 2 2.3333 Both
0333 2 2.6667 Defector
0334 2 2.6667 Loner
0335 2 2.6667 Neither
0336 2 2.6667 Both
0337 2 3.0000 Defector
0338 2 3.0000 Loner
0339 2 3.0000 Neither
0340 2 3.0000 Both
0341 2 3.3333 Defector
0342 2 3.3333 Loner
0343 2 3.3333 Neither
0344 2 3.3333 Both
0345 2 3.6667 Defector
0346 2 3.6667 Loner
0347 2 3.6667 Neither
0348 2 3.6667 Both
0349 2 4.0000 Defector
0350 2 4.0000 Loner
0351 2 4.0000 Neither
0352 2 4.0000 Both
0353 2 4.3333 Defector
0354 2 4.3333 Loner
0355 2 4.3333 Neither
0356 2 4.3333 Both
0357 2 4.6667 Defector
0358 2 4.6667 Loner
0359 2 4.6667 Neither
0360 2 4.6667 Both
0361 2 5.0000 Defector
0362 2 5.0000 Loner
0363 2 5.0000 Neither
0364 2 5.0000 Both
0365 8 1.0000 Defector
0366 8 1.0000 Loner
0367 8 1.0000 Neither
0368 8 1.0000 Both
0369 8 1.3333 Defector
0370 8 1.3333 Loner
0371 8 1.3333 Neither
0372 8 1.3333 Both
0373 8 1.6667 Defector
0374 8 1.6667 Loner
0375 8 1.6667 Neither
0376 8 1.6667 Both
0377 8 2.0000 Defector
0378 8 2.0000 Loner
0379 8 2.0000 Neither
0380 8 2.0000 Both
0381 8 2.3333 Defector
0382 8 2.3333 Loner
0383 8 2.3333 Neither
0384 8 2.3333 Both
0385 8 2.6667 Defector
0386 8 2.6667 Loner
0387 8 2.6667 Neither
0388 8 2.6667 Both
0389 8 3.0000 Defector
0390 8 3.0000 Loner
0391 8 3.0000 Neither
0392 8 3.0000 Both
0393 8 3.3333 Defector
0394 8 3.3333 Loner
0395 8 3.3333 Neither
0396 8 3.3333 Both
0397 8 3.6667 Defector
0398 8 3.6667 Loner
0399 8 3.6667 Neither
0400 8 3.6667 Both
0401 8 4.0000 Defector
0402 8 4.0000 Loner
0403 8 4.0000 Neither
0404 8 4.0000 Both
0405 8 4.3333 Defector
0406 8 4.3333 Loner
0407 8 4.3333 Neither
0408 8 4.3333 Both
0409 8 4.6667 Defector
0410 8 4.6667 Loner
0411 8 4.6667 Neither
0412 8 4.6667 Both
0413 8 5.0000 Defector
0414 8 5.0000 Loner
0415 8 5.0000 Neither
0416 8 5.0000 Both
0417 2 1.0000 Defector
0418 2 1.0000 Loner
0419 2 1.0000 Neither
0420 2 1.0000 Both
0421 2 1.3333 Defector
0422 2 1.3333 Loner
0423 2 1.3333 Neither
0424 2 1.3333 Both
0425 2 1.6667 Defector
0426 2 1.6667 Loner
0427 2 1.6667 Neither
0428 2 1.6667 Both
0429 2 2.0000 Defector
0430 2 2.0000 Loner
0431 2 2.0000 Neither
0432 2 2.0000 Both
0433 2 2.3333 Defector
0434 2 2.3333 Loner
0435 2 2.3333 Neither
0436 2 2.3333 Both
0437 2 2.6667 Defector
0438 2 2.6667 Loner
0439 2 2.6667 Neither
0440 2 2.6667 Both
0441 2 3.0000 Defector
0442 2 3.0000 Loner
0443 2 3.0000 Neither
0444 2 3.0000 Both
0445 2 3.3333 Defector
0446 2 3.3333 Loner
0447 2 3.3333 Neither
0448 2 3.3333 Both
0449 2 3.6667 Defector
0450 2 3.6667 Loner
0451 2 3.6667 Neither
0452 2 3.6667 Both
0453 2 4.0000 Defector
0454 2 4.0000 Loner
0455 2 4.0000 Neither
0456 2 4.0000 Both
0457 2 4.3333 Defector
0458 2 4.3333 Loner
0459 2 4.3333 Neither
0460 2 4.3333 Both
0461 2 4.6667 Defector
0462 2 4.6667 Loner
0463 2 4.6667 Neither
0464 2 4.6667 Both
0465 2 5.0000 Defector
0466 2 5.0000 Loner
0467 2 5.0000 Neither
0468 2 5.0000 Both
0469 8 1.0000 Defector
0470 8 1.0000 Loner
0471 8 1.0000 Neither
0472 8 1.0000 Both
0473 8 1.3333 Defector
0474 8 1.3333 Loner
0475 8 1.3333 Neither
0476 8 1.3333 Both
0477 8 1.6667 Defector
0478 8 1.6667 Loner
0479 8 1.6667 Neither
0480 8 1.6667 Both
0481 8 2.0000 Defector
0482 8 2.0000 Loner
0483 8 2.0000 Neither
0484 8 2.0000 Both
0485 8 2.3333 Defector
0486 8 2.3333 Loner
0487 8 2.3333 Neither
0488 8 2.3333 Both
0489 8 2.6667 Defector
0490 8 2.6667 Loner
0491 8 2.6667 Neither
0492 8 2.6667 Both
0493 8 3.0000 Defector
0494 8 3.0000 Loner
0495 8 3.0000 Neither
0496 8 3.0000 Both
0497 8 3.3333 Defector
0498 8 3.3333 Loner
0499 8 3.3333 Neither
0500 8 3.3333 Both
0501 8 3.6667 Defector
0502 8 3.6667 Loner
0503 8 3.6667 Neither
0504 8 3.6667 Both
0505 8 4.0000 Defector
0506 8 4.0000 Loner
0507 8 4.0000 Neither
0508 8 4.0000 Both
0509 8 4.3333 Defector
0510 8 4.3333 Loner
0511 8 4.3333 Neither
0512 8 4.3333 Both
0513 8 4.6667 Defector
0514 8 4.6667 Loner
0515 8 4.6667 Neither
0516 8 4.6667 Both
0517 8 5.0000 Defector
0518 8 5.0000 Loner
0519 8 5.0000 Neither
0520 8 5.0000 Both
0521 2 1.0000 Defector
0522 2 1.0000 Loner
0523 2 1.0000 Neither
0524 2 1.0000 Both
0525 2 1.3333 Defector
0526 2 1.3333 Loner
0527 2 1.3333 Neither
0528 2 1.3333 Both
0529 2 1.6667 Defector
0530 2 1.6667 Loner
0531 2 1.6667 Neither
0532 2 1.6667 Both
0533 2 2.0000 Defector
0534 2 2.0000 Loner
0535 2 2.0000 Neither
0536 2 2.0000 Both
0537 2 2.3333 Defector
0538 2 2.3333 Loner
0539 2 2.3333 Neither
0540 2 2.3333 Both
0541 2 2.6667 Defector
0542 2 2.6667 Loner
0543 2 2.6667 Neither
0544 2 2.6667 Both
0545 2 3.0000 Defector
0546 2 3.0000 Loner
0547 2 3.0000 Neither
0548 2 3.0000 Both
0549 2 3.3333 Defector
0550 2 3.3333 Loner
0551 2 3.3333 Neither
0552 2 3.3333 Both
0553 2 3.6667 Defector
0554 2 3.6667 Loner
0555 2 3.6667 Neither
0556 2 3.6667 Both
0557 2 4.0000 Defector
0558 2 4.0000 Loner
0559 2 4.0000 Neither
0560 2 4.0000 Both
0561 2 4.3333 Defector
0562 2 4.3333 Loner
0563 2 4.3333 Neither
0564 2 4.3333 Both
0565 2 4.6667 Defector
0566 2 4.6667 Loner
0567 2 4.6667 Neither
0568 2 4.6667 Both
0569 2 5.0000 Defector
0570 2 5.0000 Loner
0571 2 5.0000 Neither
0572 2 5.0000 Both
0573 8 1.0000 Defector
0574 8 1.0000 Loner
0575 8 1.0000 Neither
0576 8 1.0000 Both
0577 8 1.3333 Defector
0578 8 1.3333 Loner
0579 8 1.3333 Neither
0580 8 1.3333 Both
0581 8 1.6667 Defector
0582 8 1.6667 Loner
0583 8 1.6667 Neither
0584 8 1.6667 Both
0585 8 2.0000 Defector
0586 8 2.0000 Loner
0587 8 2.0000 Neither
0588 8 2.0000 Both
0589 8 2.3333 Defector
0590 8 2.3333 Loner
0591 8 2.3333 Neither
0592 8 2.3333 Both
0593 8 2.6667 Defector
0594 8 2.6667 Loner
0595 8 2.6667 Neither
0596 8 2.6667 Both
0597 8 3.0000 Defector
0598 8 3.0000 Loner
0599 8 3.0000 Neither
0600 8 3.0000 Both
0601 8 3.3333 Defector
0602 8 3.3333 Loner
0603 8 3.3333 Neither
0604 8 3.3333 Both
0605 8 3.6667 Defector
0606 8 3.6667 Loner
0607 8 3.6667 Neither
0608 8 3.6667 Both
0609 8 4.0000 Defector
0610 8 4.0000 Loner
0611 8 4.0000 Neither
0612 8 4.0000 Both
0613 8 4.3333 Defector
0614 8 4.3333 Loner
0615 8 4.3333 Neither
0616 8 4.3333 Both
0617 8 4.6667 Defector
0618 8 4.6667 Loner
0619 8 4.6667 Neither
0620 8 4.6667 Both
0621 8 5.0000 Defector
0622 8 5.0000 Loner
0623 8 5.0000 Neither
0624 8 5.0000 Both
0625 2 1.0000 Defector
0626 2 1.0000 Loner
0627 2 1.0000 Neither
0628 2 1.0000 Both
0629 2 1.3333 Defector
0630 2 1.3333 Loner
0631 2 1.3333 Neither
0632 2 1.3333 Both
0633 2 1.6667 Defector
0634 2 1.6667 Loner
0635 2 1.6667 Neither
0636 2 1.6667 Both
0637 2 2.0000 Defector
0638 2 2.0000 Loner
0639 2 2.0000 Neither
0640 2 2.0000 Both
0641 2 2.3333 Defector
0642 2 2.3333 Loner
0643 2 2.3333 Neither
0644 2 2.3333 Both
0645 2 2.6667 Defector
0646 2 2.6667 Loner
0647 2 2.6667 Neither
0648 2 2.6667 Both
0649 2 3.0000 Defector
0650 2 3.0000 Loner
0651 2 3.0000 Neither
0652 2 3.0000 Both
0653 2 3.3333 Defector
0654 2 3.3333 Loner
0655 2 3.3333 Neither
0656 2 3.3333 Both
0657 2 3.6667 Defector
0658 2 3.6667 Loner
0659 2 3.6667 Neither
0660 2 3.6667 Both
0661 2 4.0000 Defector
0662 2 4.0000 Loner
0663 2 4.0000 Neither
0664 2 4.0000 Both
0665 2 4.3333 Defector
0666 2 4.3333 Loner
0667 2 4.3333 Neither
0668 2 4.3333 Both
0669 2 4.6667 Defector
0670 2 4.6667 Loner
0671 2 4.6667 Neither
0672 2 4.6667 Both
0673 2 5.0000 Defector
0674 2 5.0000 Loner
0675 2 5.0000 Neither
0676 2 5.0000 Both
0677 8 1.0000 Defector
0678 8 1.0000 Loner
0679 8 1.0000 Neither
0680 8 1.0000 Both
0681 8 1.3333 Defector
0682 8 1.3333 Loner
0683 8 1.3333 Neither
0684 8 1.3333 Both
0685 8 1.6667 Defector
0686 8 1.6667 Loner
0687 8 1.6667 Neither
0688 8 1.6667 Both
0689 8 2.0000 Defector
0690 8 2.0000 Loner
0691 8 2.0000 Neither
0692 8 2.0000 Both
0693 8 2.3333 Defector
0694 8 2.3333 Loner
0695 8 2.3333 Neither
0696 8 2.3333 Both
0697 8 2.6667 Defector
0698 8 2.6667 Loner
0699 8 2.6667 Neither
0700 8 2.6667 Both
0701 8 3.0000 Defector
0702 8 3.0000 Loner
0703 8 3.0000 Neither
0704 8 3.0000 Both
0705 8 3.3333 Defector
0706 8 3.3333 Loner
0707 8 3.3333 Neither
0708 8 3.3333 Both
0709 8 3.6667 Defector
0710 8 3.6667 Loner
0711 8 3.6667 Neither
0712 8 3.6667 Both
0713 8 4.0000 Defector
0714 8 4.0000 Loner
0715 8 4.0000 Neither
0716 8 4.0000 Both
0717 8 4.3333 Defector
0718 8 4.3333 Loner
0719 8 4.3333 Neither
0720 8 4.3333 Both
0721 8 4.6667 Defector
0722 8 4.6667 Loner
0723 8 4.6667 Neither
0724 8 4.6667 Both
0725 8 5.0000 Defector
0726 8 5.0000 Loner
0727 8 5.0000 Neither
0728 8 5.0000 Both
0729 2 1.0000 Defector
0730 2 1.0000 Loner
0731 2 1.0000 Neither
0732 2 1.0000 Both
0733 2 1.3333 Defector
0734 2 1.3333 Loner
0735 2 1.3333 Neither
0736 2 1.3333 Both
0737 2 1.6667 Defector
0738 2 1.6667 Loner
0739 2 1.6667 Neither
0740 2 1.6667 Both
0741 2 2.0000 Defector
0742 2 2.0000 Loner
0743 2 2.0000 Neither
0744 2 2.0000 Both
0745 2 2.3333 Defector
0746 2 2.3333 Loner
0747 2 2.3333 Neither
0748 2 2.3333 Both
0749 2 2.6667 Defector
0750 2 2.6667 Loner
0751 2 2.6667 Neither
0752 2 2.6667 Both
0753 2 3.0000 Defector
0754 2 3.0000 Loner
0755 2 3.0000 Neither
0756 2 3.0000 Both
0757 2 3.3333 Defector
0758 2 3.3333 Loner
0759 2 3.3333 Neither
0760 2 3.3333 Both
0761 2 3.6667 Defector
0762 2 3.6667 Loner
0763 2 3.6667 Neither
0764 2 3.6667 Both
0765 2 4.0000 Defector
0766 2 4.0000 Loner
0767 2 4.0000 Neither
0768 2 4.0000 Both
0769 2 4.3333 Defector
0770 2 4.3333 Loner
0771 2 4.3333 Neither
0772 2 4.3333 Both
0773 2 4.6667 Defector
0774 2 4.6667 Loner
0775 2 4.6667 Neither
0776 2 4.6667 Both
0777 2 5.0000 Defector
0778 2 5.0000 Loner
0779 2 5.0000 Neither
0780 2 5.0000 Both
0781 8 1.0000 Defector
0782 8 1.0000 Loner
0783 8 1.0000 Neither
0784 8 1.0000 Both
0785 8 1.3333 Defector
0786 8 1.3333 Loner
0787 8 1.3333 Neither
0788 8 1.3333 Both
0789 8 1.6667 Defector
0790 8 1.6667 Loner
0791 8 1.6667 Neither
0792 8 1.6667 Both
0793 8 2.0000 Defector
0794 8 2.0000 Loner
0795 8 2.0000 Neither
0796 8 2.0000 Both
0797 8 2.3333 Defector
0798 8 2.3333 Loner
0799 8 2.3333 Neither
0800 8 2.3333 Both
0801 8 2.6667 Defector
0802 8 2.6667 Loner
0803 8 2.6667 Neither
0804 8 2.6667 Both
0805 8 3.0000 Defector
0806 8 3.0000 Loner
0807 8 3.0000 Neither
0808 8 3.0000 Both
0809 8 3.3333 Defector
0810 8 3.3333 Loner
0811 8 3.3333 Neither
0812 8 3.3333 Both
0813 8 3.6667 Defector
0814 8 3.6667 Loner
0815 8 3.6667 Neither
0816 8 3.6667 Both
0817 8 4.0000 Defector
0818 8 4.0000 Loner
0819 8 4.0000 Neither
0820 8 4.0000 Both
0821 8 4.3333 Defector
0822 8 4.3333 Loner
0823 8 4.3333 Neither
0824 8 4.3333 Both
0825 8 4.6667 Defector
0826 8 4.6667 Loner
0827 8 4.6667 Neither
0828 8 4.6667 Both
0829 8 5.0000 Defector
0830 8 5.0000 Loner
0831 8 5.0000 Neither
0832 8 5.0000 Both
0833 2 1.0000 Defector
0834 2 1.0000 Loner
0835 2 1.0000 Neither
0836 2 1.0000 Both
0837 2 1.3333 Defector
0838 2 1.3333 Loner
0839 2 1.3333 Neither
0840 2 1.3333 Both
0841 2 1.6667 Defector
0842 2 1.6667 Loner
0843 2 1.6667 Neither
0844 2 1.6667 Both
0845 2 2.0000 Defector
0846 2 2.0000 Loner
0847 2 2.0000 Neither
0848 2 2.0000 Both
0849 2 2.3333 Defector
0850 2 2.3333 Loner
0851 2 2.3333 Neither
0852 2 2.3333 Both
0853 2 2.6667 Defector
0854 2 2.6667 Loner
0855 2 2.6667 Neither
0856 2 2.6667 Both
0857 2 3.0000 Defector
0858 2 3.0000 Loner
0859 2 3.0000 Neither
0860 2 3.0000 Both
0861 2 3.3333 Defector
0862 2 3.3333 Loner
0863 2 3.3333 Neither
0864 2 3.3333 Both
0865 2 3.6667 Defector
0866 2 3.6667 Loner
0867 2 3.6667 Neither
0868 2 3.6667 Both
0869 2 4.0000 Defector
0870 2 4.0000 Loner
0871 2 4.0000 Neither
0872 2 4.0000 Both
0873 2 4.3333 Defector
0874 2 4.3333 Loner
0875 2 4.3333 Neither
0876 2 4.3333 Both
0877 2 4.6667 Defector
0878 2 4.6667 Loner
0879 2 4.6667 Neither
0880 2 4.6667 Both
0881 2 5.0000 Defector
0882 2 5.0000 Loner
0883 2 5.0000 Neither
0884 2 5.0000 Both
0885 8 1.0000 Defector
0886 8 1.0000 Loner
0887 8 1.0000 Neither
0888 8 1.0000 Both
0889 8 1.3333 Defector
0890 8 1.3333 Loner
0891 8 1.3333 Neither
0892 8 1.3333 Both
0893 8 1.6667 Defector
0894 8 1.6667 Loner
0895 8 1.6667 Neither
0896 8 1.6667 Both
0897 8 2.0000 Defector
0898 8 2.0000 Loner
0899 8 2.0000 Neither
0900 8 2.0000 Both
0901 8 2.3333 Defector
0902 8 2.3333 Loner
0903 8 2.3333 Neither
0904 8 2.3333 Both
0905 8 2.6667 Defector
0906 8 2.6667 Loner
0907 8 2.6667 Neither
0908 8 2.6667 Both
0909 8 3.0000 Defector
0910 8 3.0000 Loner
0911 8 3.0000 Neither
0912 8 3.0000 Both
0913 8 3.3333 Defector
0914 8 3.3333 Loner
0915 8 3.3333 Neither
0916 8 3.3333 Both
0917 8 3.6667 Defector
0918 8 3.6667 Loner
0919 8 3.6667 Neither
0920 8 3.6667 Both
0921 8 4.0000 Defector
0922 8 4.0000 Loner
0923 8 4.0000 Neither
0924 8 4.0000 Both
0925 8 4.3333 Defector
0926 8 4.3333 Loner
0927 8 4.3333 Neither
0928 8 4.3333 Both
0929 8 4.6667 Defector
0930 8 4.6667 Loner
0931 8 4.6667 Neither
0932 8 4.6667 Both
0933 8 5.0000 Defector
0934 8 5.0000 Loner
0935 8 5.0000 Neither
0936 8 5.0000 Both
0937 2 1.0000 Defector
0938 2 1.0000 Loner
0939 2 1.0000 Neither
0940 2 1.0000 Both
0941 2 1.3333 Defector
0942 2 1.3333 Loner
0943 2 1.3333 Neither
0944 2 1.3333 Both
0945 2 1.6667 Defector
0946 2 1.6667 Loner
0947 2 1.6667 Neither
0948 2 1.6667 Both
0949 2 2.0000 Defector
0950 2 2.0000 Loner
0951 2 2.0000 Neither
0952 2 2.0000 Both
0953 2 2.3333 Defector
0954 2 2.3333 Loner
0955 2 2.3333 Neither
0956 2 2.3333 Both
0957 2 2.6667 Defector
0958 2 2.6667 Loner
0959 2 2.6667 Neither
0960 2 2.6667 Both
0961 2 3.0000 Defector
0962 2 3.0000 Loner
0963 2 3.0000 Neither
0964 2 3.0000 Both
0965 2 3.3333 Defector
0966 2 3.3333 Loner
0967 2 3.3333 Neither
0968 2 3.3333 Both
0969 2 3.6667 Defector
0970 2 3.6667 Loner
0971 2 3.6667 Neither
0972 2 3.6667 Both
0973 2 4.0000 Defector
0974 2 4.0000 Loner
0975 2 4.0000 Neither
0976 2 4.0000 Both
0977 2 4.3333 Defector
0978 2 4.3333 Loner
0979 2 4.3333 Neither
0980 2 4.3333 Both
0981 2 4.6667 Defector
0982 2 4.6667 Loner
0983 2 4.6667 Neither
0984 2 4.6667 Both
0985 2 5.0000 Defector
0986 2 5.0000 Loner
0987 2 5.0000 Neither
0988 2 5.0000 Both
0989 8 1.0000 Defector
0990 8 1.0000 Loner
0991 8 1.0000 Neither
0992 8 1.0000 Both
0993 8 1.3333 Defector
0994 8 1.3333 Loner
0995 8 1.3333 Neither
0996 8 1.3333 Both
0997 8 1.6667 Defector
0998 8 1.6667 Loner
0999 8 1.6667 Neither
1000 8 1.6667 Both
1001 8 2.0000 Defector
1002 8 2.0000 Loner
1003 8 2.0000 Neither
1004 8 2.0000 Both
1005 8 2.3333 Defector
1006 8 2.3333 Loner
1007 8 2.3333 Neither
1008 8 2.3333 Both
1009 8 2.6667 Defector
1010 8 2.6667 Loner
1011 8 2.6667 Neither
1012 8 2.6667 Both
1013 8 3.0000 Defector
1014 8 3.0000 Loner
1015 8 3.0000 Neither
1016 8 3.0000 Both
1017 8 3.3333 Defector
1018 8 3.3333 Loner
1019 8 3.3333 Neither
1020 8 3.3333 Both
1021 8 3.6667 Defector
1022 8 3.6667 Loner
1023 8 3.6667 Neither
1024 8 3.6667 Both
1025 8 4.0000 Defector
1026 8 4.0000 Loner
1027 8 4.0000 Neither
1028 8 4.0000 Both
1029 8 4.3333 Defector
1030 8 4.3333 Loner
1031 8 4.3333 Neither
1032 8 4.3333 Both
1033 8 4.6667 Defector
1034 8 4.6667 Loner
1035 8 4.6667 Neither
1036 8 4.6667 Both
1037 8 5.0000 Defector
1038 8 5.0000 Loner
1039 8 5.0000 Neither
1040 8 5.0000 Both
1041 2 1.0000 Defector
1042 2 1.0000 Loner
1043 2 1.0000 Neither
1044 2 1.0000 Both
1045 2 1.3333 Defector
1046 2 1.3333 Loner
1047 2 1.3333 Neither
1048 2 1.3333 Both
1049 2 1.6667 Defector
1050 2 1.6667 Loner
1051 2 1.6667 Neither
1052 2 1.6667 Both
1053 2 2.0000 Defector
1054 2 2.0000 Loner
1055 2 2.0000 Neither
1056 2 2.0000 Both
1057 2 2.3333 Defector
1058 2 2.3333 Loner
1059 2 2.3333 Neither
1060 2 2.3333 Both
1061 2 2.6667 Defector
1062 2 2.6667 Loner
1063 2 2.6667 Neither
1064 2 2.6667 Both
1065 2 3.0000 Defector
1066 2 3.0000 Loner
1067 2 3.0000 Neither
1068 2 3.0000 Both
1069 2 3.3333 Defector
1070 2 3.3333 Loner
1071 2 3.3333 Neither
1072 2 3.3333 Both
1073 2 3.6667 Defector
1074 2 3.6667 Loner
1075 2 3.6667 Neither
1076 2 3.6667 Both
1077 2 4.0000 Defector
1078 2 4.0000 Loner
1079 2 4.0000 Neither
1080 2 4.0000 Both
1081 2 4.3333 Defector
1082 2 4.3333 Loner
1083 2 4.3333 Neither
1084 2 4.3333 Both
1085 2 4.6667 Defector
1086 2 4.6667 Loner
1087 2 4.6667 Neither
1088 2 4.6667 Both
1089 2 5.0000 Defector
1090 2 5.0000 Loner
1091 2 5.0000 Neither
1092 2 5.0000 Both
1093 8 1.0000 Defector
1094 8 1.0000 Loner
1095 8 1.0000 Neither
1096 8 1.0000 Both
1097 8 1.3333 Defector
1098 8 1.3333 Loner
1099 8 1.3333 Neither
1100 8 1.3333 Both
1101 8 1.6667 Defector
1102 8 1.6667 Loner
1103 8 1.6667 Neither
1104 8 1.6667 Both
1105 8 2.0000 Defector
1106 8 2.0000 Loner
1107 8 2.0000 Neither
1108 8 2.0000 Both
1109 8 2.3333 Defector
1110 8 2.3333 Loner
1111 8 2.3333 Neither
1112 8 2.3333 Both
1113 8 2.6667 Defector
1114 8 2.6667 Loner
1115 8 2.6667 Neither
1116 8 2.6667 Both
1117 8 3.0000 Defector
1118 8 3.0000 Loner
1119 8 3.0000 Neither
1120 8 3.0000 Both
1121 8 3.3333 Defector
1122 8 3.3333 Loner
1123 8 3.3333 Neither
1124 8 3.3333 Both
1125 8 3.6667 Defector
1126 8 3.6667 Loner
1127 8 3.6667 Neither
1128 8 3.6667 Both
1129 8 4.0000 Defector
1130 8 4.0000 Loner
1131 8 4.0000 Neither
1132 8 4.0000 Both
1133 8 4.3333 Defector
1134 8 4.3333 Loner
1135 8 4.3333 Neither
1136 8 4.3333 Both
1137 8 4.6667 Defector
1138 8 4.6667 Loner
1139 8 4.6667 Neither
1140 8 4.6667 Both
1141 8 5.0000 Defector
1142 8 5.0000 Loner
1143 8 5.0000 Neither
1144 8 5.0000 Both
1145 2 1.0000 Defector
1146 2 1.0000 Loner
1147 2 1.0000 Neither
1148 2 1.0000 Both
1149 2 1.3333 Defector
1150 2 1.3333 Loner
1151 2 1.3333 Neither
1152 2 1.3333 Both
1153 2 1.6667 Defector
1154 2 1.6667 Loner
1155 2 1.6667 Neither
1156 2 1.6667 Both
1157 2 2.0000 Defector
1158 2 2.0000 Loner
1159 2 2.0000 Neither
1160 2 2.0000 Both
1161 2 2.3333 Defector
1162 2 2.3333 Loner
1163 2 2.3333 Neither
1164 2 2.3333 Both
1165 2 2.6667 Defector
1166 2 2.6667 Loner
1167 2 2.6667 Neither
1168 2 2.6667 Both
1169 2 3.0000 Defector
1170 2 3.0000 Loner
1171 2 3.0000 Neither
1172 2 3.0000 Both
1173 2 3.3333 Defector
1174 2 3.3333 Loner
1175 2 3.3333 Neither
1176 2 3.3333 Both
1177 2 3.6667 Defector
1178 2 3.6667 Loner
1179 2 3.6667 Neither
1180 2 3.6667 Both
1181 2 4.0000 Defector
1182 2 4.0000 Loner
1183 2 4.0000 Neither
1184 2 4.0000 Both
1185 2 4.3333 Defector
1186 2 4.3333 Loner
1187 2 4.3333 Neither
1188 2 4.3333 Both
1189 2 4.6667 Defector
1190 2 4.6667 Loner
1191 2 4.6667 Neither
1192 2 4.6667 Both
1193 2 5.0000 Defector
1194 2 5.0000 Loner
1195 2 5.0000 Neither
1196 2 5.0000 Both
1197 8 1.0000 Defector
1198 8 1.0000 Loner
1199 8 1.0000 Neither
1200 8 1.0000 Both
1201 8 1.3333 Defector
1202 8 1.3333 Loner
1203 8 1.3333 Neither
1204 8 1.3333 Both
1205 8 1.6667 Defector
1206 8 1.6667 Loner
1207 8 1.6667 Neither
1208 8 1.6667 Both
1209 8 2.0000 Defector
1210 8 2.0000 Loner
1211 8 2.0000 Neither
1212 8 2.0000 Both
1213 8 2.3333 Defector
1214 8 2.3333 Loner
1215 8 2.3333 Neither
1216 8 2.3333 Both
1217 8 2.6667 Defector
1218 8 2.6667 Loner
1219 8 2.6667 Neither
1220 8 2.6667 Both
1221 8 3.0000 Defector
1222 8 3.0000 Loner
1223 8 3.0000 Neither
1224 8 3.0000 Both
1225 8 3.3333 Defector
1226 8 3.3333 Loner
1227 8 3.3333 Neither
1228 8 3.3333 Both
1229 8 3.6667 Defector
1230 8 3.6667 Loner
1231 8 3.6667 Neither
1232 8 3.6667 Both
1233 8 4.0000 Defector
1234 8 4.0000 Loner
1235 8 4.0000 Neither
1236 8 4.0000 Both
1237 8 4.3333 Defector
1238 8 4.3333 Loner
1239 8 4.3333 Neither
1240 8 4.3333 Both
1241 8 4.6667 Defector
1242 8 4.6667 Loner
1243 8 4.6667 Neither
1244 8 4.6667 Both
1245 8 5.0000 Defector
1246 8 5.0000 Loner
1247 8 5.0000 Neither
1248 8 5.0000 Both
1249 2 1.0000 Defector
1250 2 1.0000 Loner
1251 2 1.0000 Neither
1252 2 1.0000 Both
1253 2 1.3333 Defector
1254 2 1.3333 Loner
1255 2 1.3333 Neither
1256 2 1.3333 Both
1257 2 1.6667 Defector
1258 2 1.6667 Loner
1259 2 1.6667 Neither
1260 2 1.6667 Both
1261 2 2.0000 Defector
1262 2 2.0000 Loner
1263 2 2.0000 Neither
1264 2 2.0000 Both
1265 2 2.3333 Defector
1266 2 2.3333 Loner
1267 2 2.3333 Neither
1268 2 2.3333 Both
1269 2 2.6667 Defector
1270 2 2.6667 Loner
1271 2 2.6667 Neither
1272 2 2.6667 Both
1273 2 3.0000 Defector
1274 2 3.0000 Loner
1275 2 3.0000 Neither
1276 2 3.0000 Both
1277 2 3.3333 Defector
1278 2 3.3333 Loner
1279 2 3.3333 Neither
1280 2 3.3333 Both
1281 2 3.6667 Defector
1282 2 3.6667 Loner
1283 2 3.6667 Neither
1284 2 3.6667 Both
1285 2 4.0000 Defector
1286 2 4.0000 Loner
1287 2 4.0000 Neither
1288 2 4.0000 Both
1289 2 4.3333 Defector
1290 2 4.3333 Loner
1291 2 4.3333 Neither
1292 2 4.3333 Both
1293 2 4.6667 Defector
1294 2 4.6667 Loner
1295 2 4.6667 Neither
1296 2 4.6667 Both
1297 2 5.0000 Defector
1298 2 5.0000 Loner
1299 2 5.0000 Neither
1300 2 5.0000 Both
1301 8 1.0000 Defector
1302 8 1.0000 Loner
1303 8 1.0000 Neither
1304 8 1.0000 Both
1305 8 1.3333 Defector
1306 8 1.3333 Loner
1307 8 1.3333 Neither
1308 8 1.3333 Both
1309 8 1.6667 Defector
1310 8 1.6667 Loner
1311 8 1.6667 Neither
1312 8 1.6667 Both
1313 8 2.0000 Defector
1314 8 2.0000 Loner
1315 8 2.0000 Neither
1316 8 2.0000 Both
1317 8 2.3333 Defector
1318 8 2.3333 Loner
1319 8 2.3333 Neither
1320 8 2.3333 Both
1321 8 2.6667 Defector
1322 8 2.6667 Loner
1323 8 2.6667 Neither
1324 8 2.6667 Both
1325 8 3.0000 Defector
1326 8 3.0000 Loner
1327 8 3.0000 Neither
1328 8 3.0000 Both
1329 8 3.3333 Defector
1330 8 3.3333 Loner
1331 8 3.3333 Neither
1332 8 3.3333 Both
1333 8 3.6667 Defector
1334 8 3.6667 Loner
1335 8 3.6667 Neither
1336 8 3.6667 Both
1337 8 4.0000 Defector
1338 8 4.0000 Loner
1339 8 4.0000 Neither
1340 8 4.0000 Both
1341 8 4.3333 Defector
1342 8 4.3333 Loner
1343 8 4.3333 Neither
1344 8 4.3333 Both
1345 8 4.6667 Defector
1346 8 4.6667 Loner
1347 8 4.6667 Neither
1348 8 4.6667 Both
1349 8 5.0000 Defector
1350 8 5.0000 Loner
1351 8 5.0000 Neither
1352 8 5.0000 Both
1353 2 1.0000 Defector
1354 2 1.0000 Loner
1355 2 1.0000 Neither
1356 2 1.0000 Both
1357 2 1.3333 Defector
1358 2 1.3333 Loner
1359 2 1.3333 Neither
1360 2 1.3333 Both
1361 2 1.6667 Defector
1362 2 1.6667 Loner
1363 2 1.6667 Neither
1364 2 1.6667 Both
1365 2 2.0000 Defector
1366 2 2.0000 Loner
1367 2 2.0000 Neither
1368 2 2.0000 Both
1369 2 2.3333 Defector
1370 2 2.3333 Loner
1371 2 2.3333 Neither
1372 2 2.3333 Both
1373 2 2.6667 Defector
1374 2 2.6667 Loner
1375 2 2.6667 Neither
1376 2 2.6667 Both
1377 2 3.0000 Defector
1378 2 3.0000 Loner
1379 2 3.0000 Neither
1380 2 3.0000 Both
1381 2 3.3333 Defector
1382 2 3.3333 Loner
1383 2 3.3333 Neither
1384 2 3.3333 Both
1385 2 3.6667 Defector
1386 2 3.6667 Loner
1387 2 3.6667 Neither
1388 2 3.6667 Both
1389 2 4.0000 Defector
1390 2 4.0000 Loner
1391 2 4.0000 Neither
1392 2 4.0000 Both
1393 2 4.3333 Defector
1394 2 4.3333 Loner
1395 2 4.3333 Neither
1396 2 4.3333 Both
1397 2 4.6667 Defector
1398 2 4.6667 Loner
1399 2 4.6667 Neither
1400 2 4.6667 Both
1401 2 5.0000 Defector
1402 2 5.0000 Loner
1403 2 5.0000 Neither
1404 2 5.0000 Both
1405 8 1.0000 Defector
1406 8 1.0000 Loner
1407 8 1.0000 Neither
1408 8 1.0000 Both
1409 8 1.3333 Defector
1410 8 1.3333 Loner
1411 8 1.3333 Neither
1412 8 1.3333 Both
1413 8 1.6667 Defector
1414 8 1.6667 Loner
1415 8 1.6667 Neither
1416 8 1.6667 Both
1417 8 2.0000 Defector
1418 8 2.0000 Loner
1419 8 2.0000 Neither
1420 8 2.0000 Both
1421 8 2.3333 Defector
1422 8 2.3333 Loner
1423 8 2.3333 Neither
1424 8 2.3333 Both
1425 8 2.6667 Defector
1426 8 2.6667 Loner
1427 8 2.6667 Neither
1428 8 2.6667 Both
1429 8 3.0000 Defector
1430 8 3.0000 Loner
1431 8 3.0000 Neither
1432 8 3.0000 Both
1433 8 3.3333 Defector
1434 8 3.3333 Loner
1435 8 3.3333 Neither
1436 8 3.3333 Both
1437 8 3.6667 Defector
1438 8 3.6667 Loner
1439 8 3.6667 Neither
1440 8 3.6667 Both
1441 8 4.0000 Defector
1442 8 4.0000 Loner
1443 8 4.0000 Neither
1444 8 4.0000 Both
1445 8 4.3333 Defector
1446 8 4.3333 Loner
1447 8 4.3333 Neither
1448 8 4.3333 Both
1449 8 4.6667 Defector
1450 8 4.6667 Loner
1451 8 4.6667 Neither
1452 8 4.6667 Both
1453 8 5.0000 Defector
1454 8 5.0000 Loner
1455 8 5.0000 Neither
1456 8 5.0000 Both
1457 2 1.0000 Defector
1458 2 1.0000 Loner
1459 2 1.0000 Neither
1460 2 1.0000 Both
1461 2 1.3333 Defector
1462 2 1.3333 Loner
1463 2 1.3333 Neither
1464 2 1.3333 Both
1465 2 1.6667 Defector
1466 2 1.6667 Loner
1467 2 1.6667 Neither
1468 2 1.6667 Both
1469 2 2.0000 Defector
1470 2 2.0000 Loner
1471 2 2.0000 Neither
1472 2 2.0000 Both
1473 2 2.3333 Defector
1474 2 2.3333 Loner
1475 2 2.3333 Neither
1476 2 2.3333 Both
1477 2 2.6667 Defector
1478 2 2.6667 Loner
1479 2 2.6667 Neither
1480 2 2.6667 Both
1481 2 3.0000 Defector
1482 2 3.0000 Loner
1483 2 3.0000 Neither
1484 2 3.0000 Both
1485 2 3.3333 Defector
1486 2 3.3333 Loner
1487 2 3.3333 Neither
1488 2 3.3333 Both
1489 2 3.6667 Defector
1490 2 3.6667 Loner
1491 2 3.6667 Neither
1492 2 3.6667 Both
1493 2 4.0000 Defector
1494 2 4.0000 Loner
1495 2 4.0000 Neither
1496 2 4.0000 Both
1497 2 4.3333 Defector
1498 2 4.3333 Loner
1499 2 4.3333 Neither
1500 2 4.3333 Both
1501 2 4.6667 Defector
1502 2 4.6667 Loner
1503 2 4.6667 Neither
1504 2 4.6667 Both
1505 2 5.0000 Defector
1506 2 5.0000 Loner
1507 2 5.0000 Neither
1508 2 5.0000 Both
1509 8 1.0000 Defector
1510 8 1.0000 Loner
1511 8 1.0000 Neither
1512 8 1.0000 Both
1513 8 1.3333 Defector
1514 8 1.3333 Loner
1515 8 1.3333 Neither
1516 8 1.3333 Both
1517 8 1.6667 Defector
1518 8 1.6667 Loner
1519 8 1.6667 Neither
1520 8 1.6667 Both
1521 8 2.0000 Defector
1522 8 2.0000 Loner
1523 8 2.0000 Neither
1524 8 2.0000 Both
1525 8 2.3333 Defector
1526 8 2.3333 Loner
1527 8 2.3333 Neither
1528 8 2.3333 Both
1529 8 2.6667 Defector
1530 8 2.6667 Loner
1531 8 2.6667 Neither
1532 8 2.6667 Both
1533 8 3.0000 Defector
1534 8 3.0000 Loner
1535 8 3.0000 Neither
1536 8 3.0000 Both
1537 8 3.3333 Defector
1538 8 3.3333 Loner
1539 8 3.3333 Neither
1540 8 3.3333 Both
1541 8 3.6667 Defector
1542 8 3.6667 Loner
1543 8 3.6667 Neither
1544 8 3.6667 Both
1545 8 4.0000 Defector
1546 8 4.0000 Loner
1547 8 4.0000 Neither
1548 8 4.0000 Both
1549 8 4.3333 Defector
1550 8 4.3333 Loner
1551 8 4.3333 Neither
1552 8 4.3333 Both
1553 8 4.6667 Defector
1554 8 4.6667 Loner
1555 8 4.6667 Neither
1556 8 4.6667 Both
1557 8 5.0000 Defector
1558 8 5.0000 Loner
1559 8 5.0000 Neither
1560 8 5.0000 Both
1561 2 1.0000 Defector
1562 2 1.0000 Loner
1563 2 1.0000 Neither
1564 2 1.0000 Both
1565 2 1.3333 Defector
1566 2 1.3333 Loner
1567 2 1.3333 Neither
1568 2 1.3333 Both
1569 2 1.6667 Defector
1570 2 1.6667 Loner
1571 2 1.6667 Neither
1572 2 1.6667 Both
1573 2 2.0000 Defector
1574 2 2.0000 Loner
1575 2 2.0000 Neither
1576 2 2.0000 Both
1577 2 2.3333 Defector
1578 2 2.3333 Loner
1579 2 2.3333 Neither
1580 2 2.3333 Both
1581 2 2.6667 Defector
1582 2 2.6667 Loner
1583 2 2.6667 Neither
1584 2 2.6667 Both
1585 2 3.0000 Defector
1586 2 3.0000 Loner
1587 2 3.0000 Neither
1588 2 3.0000 Both
1589 2 3.3333 Defector
1590 2 3.3333 Loner
1591 2 3.3333 Neither
1592 2 3.3333 Both
1593 2 3.6667 Defector
1594 2 3.6667 Loner
1595 2 3.6667 Neither
1596 2 3.6667 Both
1597 2 4.0000 Defector
1598 2 4.0000 Loner
1599 2 4.0000 Neither
1600 2 4.0000 Both
1601 2 4.3333 Defector
1602 2 4.3333 Loner
1603 2 4.3333 Neither
1604 2 4.3333 Both
1605 2 4.6667 Defector
1606 2 4.6667 Loner
1607 2 4.6667 Neither
1608 2 4.6667 Both
1609 2 5.0000 Defector
1610 2 5.0000 Loner
1611 2 5.0000 Neither
1612 2 5.0000 Both
1613 8 1.0000 Defector
1614 8 1.0000 Loner
1615 8 1.0000 Neither
1616 8 1.0000 Both
1617 8 1.3333 Defector
1618 8 1.3333 Loner
1619 8 1.3333 Neither
1620 8 1.3333 Both
1621 8 1.6667 Defector
1622 8 1.6667 Loner
1623 8 1.6667 Neither
1624 8 1.6667 Both
1625 8 2.0000 Defector
1626 8 2.0000 Loner
1627 8 2.0000 Neither
1628 8 2.0000 Both
1629 8 2.3333 Defector
1630 8 2.3333 Loner
1631 8 2.3333 Neither
1632 8 2.3333 Both
1633 8 2.6667 Defector
1634 8 2.6667 Loner
1635 8 2.6667 Neither
1636 8 2.6667 Both
1637 8 3.0000 Defector
1638 8 3.0000 Loner
1639 8 3.0000 Neither
1640 8 3.0000 Both
1641 8 3.3333 Defector
1642 8 3.3333 Loner
1643 8 3.3333 Neither
1644 8 3.3333 Both
1645 8 3.6667 Defector
1646 8 3.6667 Loner
1647 8 3.6667 Neither
1648 8 3.6667 Both
1649 8 4.0000 Defector
1650 8 4.0000 Loner
1651 8 4.0000 Neither
1652 8 4.0000 Both
1653 8 4.3333 Defector
1654 8 4.3333 Loner
1655 8 4.3333 Neither
1656 8 4.3333 Both
1657 8 4.6667 Defector
1658 8 4.6667 Loner
1659 8 4.6667 Neither
1660 8 4.6667 Both
1661 8 5.0000 Defector
1662 8 5.0000 Loner
1663 8 5.0000 Neither
1664 8 5.0000 Both
1665 2 1.0000 Defector
1666 2 1.0000 Loner
1667 2 1.0000 Neither
1668 2 1.0000 Both
1669 2 1.3333 Defector
1670 2 1.3333 Loner
1671 2 1.3333 Neither
1672 2 1.3333 Both
1673 2 1.6667 Defector
1674 2 1.6667 Loner
1675 2 1.6667 Neither
1676 2 1.6667 Both
1677 2 2.0000 Defector
1678 2 2.0000 Loner
1679 2 2.0000 Neither
1680 2 2.0000 Both
1681 2 2.3333 Defector
1682 2 2.3333 Loner
1683 2 2.3333 Neither
1684 2 2.3333 Both
1685 2 2.6667 Defector
1686 2 2.6667 Loner
1687 2 2.6667 Neither
1688 2 2.6667 Both
1689 2 3.0000 Defector
1690 2 3.0000 Loner
1691 2 3.0000 Neither
1692 2 3.0000 Both
1693 2 3.3333 Defector
1694 2 3.3333 Loner
1695 2 3.3333 Neither
1696 2 3.3333 Both
1697 2 3.6667 Defector
1698 2 3.6667 Loner
1699 2 3.6667 Neither
1700 2 3.6667 Both
1701 2 4.0000 Defector
1702 2 4.0000 Loner
1703 2 4.0000 Neither
1704 2 4.0000 Both
1705 2 4.3333 Defector
1706 2 4.3333 Loner
1707 2 4.3333 Neither
1708 2 4.3333 Both
1709 2 4.6667 Defector
1710 2 4.6667 Loner
1711 2 4.6667 Neither
1712 2 4.6667 Both
1713 2 5.0000 Defector
1714 2 5.0000 Loner
1715 2 5.0000 Neither
1716 2 5.0000 Both
1717 8 1.0000 Defector
1718 8 1.0000 Loner
1719 8 1.0000 Neither
1720 8 1.0000 Both
1721 8 1.3333 Defector
1722 8 1.3333 Loner
1723 8 1.3333 Neither
1724 8 1.3333 Both
1725 8 1.6667 Defector
1726 8 1.6667 Loner
1727 8 1.6667 Neither
1728 8 1.6667 Both
1729 8 2.0000 Defector
1730 8 2.0000 Loner
1731 8 2.0000 Neither
1732 8 2.0000 Both
1733 8 2.3333 Defector
1734 8 2.3333 Loner
1735 8 2.3333 Neither
1736 8 2.3333 Both
1737 8 2.6667 Defector
1738 8 2.6667 Loner
1739 8 2.6667 Neither
1740 8 2.6667 Both
1741 8 3.0000 Defector
1742 8 3.0000 Loner
1743 8 3.0000 Neither
1744 8 3.0000 Both
1745 8 3.3333 Defector
1746 8 3.3333 Loner
1747 8 3.3333 Neither
1748 8 3.3333 Both
1749 8 3.6667 Defector
1750 8 3.6667 Loner
1751 8 3.6667 Neither
1752 8 3.6667 Both
1753 8 4.0000 Defector
1754 8 4.0000 Loner
1755 8 4.0000 Neither
1756 8 4.0000 Both
1757 8 4.3333 Defector
1758 8 4.3333 Loner
1759 8 4.3333 Neither
1760 8 4.3333 Both
1761 8 4.6667 Defector
1762 8 4.6667 Loner
1763 8 4.6667 Neither
1764 8 4.6667 Both
1765 8 5.0000 Defector
1766 8 5.0000 Loner
1767 8 5.0000 Neither
1768 8 5.0000 Both
1769 2 1.0000 Defector
1770 2 1.0000 Loner
1771 2 1.0000 Neither
1772 2 1.0000 Both
1773 2 1.3333 Defector
1774 2 1.3333 Loner
1775 2 1.3333 Neither
1776 2 1.3333 Both
1777 2 1.6667 Defector
1778 2 1.6667 Loner
1779 2 1.6667 Neither
1780 2 1.6667 Both
1781 2 2.0000 Defector
1782 2 2.0000 Loner
1783 2 2.0000 Neither
1784 2 2.0000 Both
1785 2 2.3333 Defector
1786 2 2.3333 Loner
1787 2 2.3333 Neither
1788 2 2.3333 Both
1789 2 2.6667 Defector
1790 2 2.6667 Loner
1791 2 2.6667 Neither
1792 2 2.6667 Both
1793 2 3.0000 Defector
1794 2 3.0000 Loner
1795 2 3.0000 Neither
1796 2 3.0000 Both
1797 2 3.3333 Defector
1798 2 3.3333 Loner
1799 2 3.3333 Neither
1800 2 3.3333 Both
1801 2 3.6667 Defector
1802 2 3.6667 Loner
1803 2 3.6667 Neither
1804 2 3.6667 Both
1805 2 4.0000 Defector
1806 2 4.0000 Loner
1807 2 4.0000 Neither
1808 2 4.0000 Both
1809 2 4.3333 Defector
1810 2 4.3333 Loner
1811 2 4.3333 Neither
1812 2 4.3333 Both
1813 2 4.6667 Defector
1814 2 4.6667 Loner
1815 2 4.6667 Neither
1816 2 4.6667 Both
1817 2 5.0000 Defector
1818 2 5.0000 Loner
1819 2 5.0000 Neither
1820 2 5.0000 Both
1821 8 1.0000 Defector
1822 8 1.0000 Loner
1823 8 1.0000 Neither
1824 8 1.0000 Both
1825 8 1.3333 Defector
1826 8 1.3333 Loner
1827 8 1.3333 Neither
1828 8 1.3333 Both
1829 8 1.6667 Defector
1830 8 1.6667 Loner
1831 8 1.6667 Neither
1832 8 1.6667 Both
1833 8 2.0000 Defector
1834 8 2.0000 Loner
1835 8 2.0000 Neither
1836 8 2.0000 Both
1837 8 2.3333 Defector
1838 8 2.3333 Loner
1839 8 2.3333 Neither
1840 8 2.3333 Both
1841 8 2.6667 Defector
1842 8 2.6667 Loner
1843 8 2.6667 Neither
1844 8 2.6667 Both
1845 8 3.0000 Defector
1846 8 3.0000 Loner
1847 8 3.0000 Neither
1848 8 3.0000 Both
1849 8 3.3333 Defector
1850 8 3.3333 Loner
1851 8 3.3333 Neither
1852 8 3.3333 Both
1853 8 3.6667 Defector
1854 8 3.6667 Loner
1855 8 3.6667 Neither
1856 8 3.6667 Both
1857 8 4.0000 Defector
1858 8 4.0000 Loner
1859 8 4.0000 Neither
1860 8 4.0000 Both
1861 8 4.3333 Defector
1862 8 4.3333 Loner
1863 8 4.3333 Neither
1864 8 4.3333 Both
1865 8 4.6667 Defector
1866 8 4.6667 Loner
1867 8 4.6667 Neither
1868 8 4.6667 Both
1869 8 5.0000 Defector
1870 8 5.0000 Loner
1871 8 5.0000 Neither
1872 8 5.0000 Both
1873 2 1.0000 Defector
1874 2 1.0000 Loner
1875 2 1.0000 Neither
1876 2 1.0000 Both
1877 2 1.3333 Defector
1878 2 1.3333 Loner
1879 2 1.3333 Neither
1880 2 1.3333 Both
1881 2 1.6667 Defector
1882 2 1.6667 Loner
1883 2 1.6667 Neither
1884 2 1.6667 Both
1885 2 2.0000 Defector
1886 2 2.0000 Loner
1887 2 2.0000 Neither
1888 2 2.0000 Both
1889 2 2.3333 Defector
1890 2 2.3333 Loner
1891 2 2.3333 Neither
1892 2 2.3333 Both
1893 2 2.6667 Defector
1894 2 2.6667 Loner
1895 2 2.6667 Neither
1896 2 2.6667 Both
1897 2 3.0000 Defector
1898 2 3.0000 Loner
1899 2 3.0000 Neither
1900 2 3.0000 Both
1901 2 3.3333 Defector
1902 2 3.3333 Loner
1903 2 3.3333 Neither
1904 2 3.3333 Both
1905 2 3.6667 Defector
1906 2 3.6667 Loner
1907 2 3.6667 Neither
1908 2 3.6667 Both
1909 2 4.0000 Defector
1910 2 4.0000 Loner
1911 2 4.0000 Neither
1912 2 4.0000 Both
1913 2 4.3333 Defector
1914 2 4.3333 Loner
1915 2 4.3333 Neither
1916 2 4.3333 Both
1917 2 4.6667 Defector
1918 2 4.6667 Loner
1919 2 4.6667 Neither
1920 2 4.6667 Both
1921 2 5.0000 Defector
1922 2 5.0000 Loner
1923 2 5.0000 Neither
1924 2 5.0000 Both
1925 8 1.0000 Defector
1926 8 1.0000 Loner
1927 8 1.0000 Neither
1928 8 1.0000 Both
1929 8 1.3333 Defector
1930 8 1.3333 Loner
1931 8 1.3333 Neither
1932 8 1.3333 Both
1933 8 1.6667 Defector
1934 8 1.6667 Loner
1935 8 1.6667 Neither
1936 8 1.6667 Both
1937 8 2.0000 Defector
1938 8 2.0000 Loner
1939 8 2.0000 Neither
1940 8 2.0000 Both
1941 8 2.3333 Defector
1942 8 2.3333 Loner
1943 8 2.3333 Neither
1944 8 2.3333 Both
1945 8 2.6667 Defector
1946 8 2.6667 Loner
1947 8 2.6667 Neither
1948 8 2.6667 Both
1949 8 3.0000 Defector
1950 8 3.0000 Loner
1951 8 3.0000 Neither
1952 8 3.0000 Both
1953 8 3.3333 Defector
1954 8 3.3333 Loner
1955 8 3.3333 Neither
1956 8 3.3333 Both
1957 8 3.6667 Defector
1958 8 3.6667 Loner
1959 8 3.6667 Neither
1960 8 3.6667 Both
1961 8 4.0000 Defector
1962 8 4.0000 Loner
1963 8 4.0000 Neither
1964 8 4.0000 Both
1965 8 4.3333 Defector
1966 8 4.3333 Loner
1967 8 4.3333 Neither
1968 8 4.3333 Both
1969 8 4.6667 Defector
1970 8 4.6667 Loner
1971 8 4.6667 Neither
1972 8 4.6667 Both
1973 8 5.0000 Defector
1974 8 5.0000 Loner
1975 8 5.0000 Neither
1976 8 5.0000 Both
1977 2 1.0000 Defector
1978 2 1.0000 Loner
1979 2 1.0000 Neither
1980 2 1.0000 Both
1981 2 1.3333 Defector
1982 2 1.3333 Loner
1983 2 1.3333 Neither
1984 2 1.3333 Both
1985 2 1.6667 Defector
1986 2 1.6667 Loner
1987 2 1.6667 Neither
1988 2 1.6667 Both
1989 2 2.0000 Defector
1990 2 2.0000 Loner
1991 2 2.0000 Neither
1992 2 2.0000 Both
1993 2 2.3333 Defector
1994 2 2.3333 Loner
1995 2 2.3333 Neither
1996 2 2.3333 Both
1997 2 2.6667 Defector
1998 2 2.6667 Loner
1999 2 2.6667 Neither
2000 2 2.6667 Both
2001 2 3.0000 Defector
2002 2 3.0000 Loner
2003 2 3.0000 Neither
2004 2 3.0000 Both
2005 2 3.3333 Defector
2006 2 3.3333 Loner
2007 2 3.3333 Neither
2008 2 3.3333 Both
2009 2 3.6667 Defector
2010 2 3.6667 Loner
2011 2 3.6667 Neither
2012 2 3.6667 Both
2013 2 4.0000 Defector
2014 2 4.0000 Loner
2015 2 4.0000 Neither
2016 2 4.0000 Both
2017 2 4.3333 Defector
2018 2 4.3333 Loner
2019 2 4.3333 Neither
2020 2 4.3333 Both
2021 2 4.6667 Defector
2022 2 4.6667 Loner
2023 2 4.6667 Neither
2024 2 4.6667 Both
2025 2 5.0000 Defector
2026 2 5.0000 Loner
2027 2 5.0000 Neither
2028 2 5.0000 Both
2029 8 1.0000 Defector
2030 8 1.0000 Loner
2031 8 1.0000 Neither
2032 8 1.0000 Both
2033 8 1.3333 Defector
2034 8 1.3333 Loner
2035 8 1.3333 Neither
2036 8 1.3333 Both
2037 8 1.6667 Defector
2038 8 1.6667 Loner
2039 8 1.6667 Neither
2040 8 1.6667 Both
2041 8 2.0000 Defector
2042 8 2.0000 Loner
2043 8 2.0000 Neither
2044 8 2.0000 Both
2045 8 2.3333 Defector
2046 8 2.3333 Loner
2047 8 2.3333 Neither
2048 8 2.3333 Both
2049 8 2.6667 Defector
2050 8 2.6667 Loner
2051 8 2.6667 Neither
2052 8 2.6667 Both
2053 8 3.0000 Defector
2054 8 3.0000 Loner
2055 8 3.0000 Neither
2056 8 3.0000 Both
2057 8 3.3333 Defector
2058 8 3.3333 Loner
2059 8 3.3333 Neither
2060 8 3.3333 Both
2061 8 3.6667 Defector
2062 8 3.6667 Loner
2063 8 3.6667 Neither
2064 8 3.6667 Both
2065 8 4.0000 Defector
2066 8 4.0000 Loner
2067 8 4.0000 Neither
2068 8 4.0000 Both
2069 8 4.3333 Defector
2070 8 4.3333 Loner
2071 8 4.3333 Neither
2072 8 4.3333 Both
2073 8 4.6667 Defector
2074 8 4.6667 Loner
2075 8 4.6667 Neither
2076 8 4.6667 Both
2077 8 5.0000 Defector
2078 8 5.0000 Loner
2079 8 5.0000 Neither
2080 8 5.0000 Both
